date_time,total_http,SELECT_http,INSERT_http,UPDATE_http,DELETE_http,http_total_longReq,http_adjustLoad
1523213220.000000,59.220037,59.220037,0.000000,0.000000,0.000000,0.000000,59.220037
1523213220.050000,64.820036,64.820036,0.000000,0.000000,0.000000,0.000000,64.820036
1523213220.100000,51.299986,51.299986,0.000000,0.000000,0.000000,0.000000,51.299986
1523213220.150000,45.760000,45.760000,0.000000,0.000000,0.000000,0.000000,45.760000
1523213220.200000,39.139997,39.139997,0.000000,0.000000,0.000000,0.000000,39.139997
1523213220.250000,52.399978,52.399978,0.000000,0.000000,0.000000,0.000000,52.399978
1523213220.300000,64.799997,64.799997,0.000000,0.000000,0.000000,0.000000,64.799997
1523213220.350000,39.959990,39.959990,0.000000,0.000000,0.000000,0.000000,39.959990
1523213220.400000,18.039989,18.039989,0.000000,0.000000,0.000000,0.000000,18.039989
1523213220.450000,20.259976,20.259976,0.000000,0.000000,0.000000,0.000000,20.259976
1523213220.500000,60.139996,60.139996,0.000000,0.000000,0.000000,0.000000,60.139996
1523213220.550000,71.379982,71.379982,0.000000,0.000000,0.000000,0.000000,71.379982
1523213220.600000,36.999992,36.999992,0.000000,0.000000,0.000000,0.000000,36.999992
1523213220.650000,30.360017,30.360017,0.000000,0.000000,0.000000,0.000000,30.360017
1523213220.700000,24.180018,24.180018,0.000000,0.000000,0.000000,0.000000,24.180018
1523213220.750000,41.540002,41.540002,0.000000,0.000000,0.000000,0.000000,41.540002
1523213220.800000,35.140004,35.140004,0.000000,0.000000,0.000000,0.000000,35.140004
1523213220.850000,41.779980,41.779980,0.000000,0.000000,0.000000,0.000000,41.779980
1523213220.900000,70.279963,70.279963,0.000000,0.000000,0.000000,0.000000,70.279963
1523213220.950000,59.540015,59.540015,0.000000,0.000000,0.000000,0.000000,59.540015
1523213221.000000,49.300013,49.300013,0.000000,0.000000,0.000000,0.000000,49.300013
1523213221.050000,27.260013,27.260013,0.000000,0.000000,0.000000,0.000000,27.260013
1523213221.100000,34.300005,34.300005,0.000000,0.000000,0.000000,0.000000,34.300005
1523213221.150000,37.299993,37.299993,0.000000,0.000000,0.000000,0.000000,37.299993
1523213221.200000,54.279972,54.279972,0.000000,0.000000,0.000000,0.000000,54.279972
1523213221.250000,73.980013,73.980013,0.000000,0.000000,0.000000,0.000000,73.980013
1523213221.300000,75.520038,75.520038,0.000000,0.000000,0.000000,0.000000,75.520038
1523213221.350000,57.879989,57.879989,0.000000,0.000000,0.000000,0.000000,57.879989
1523213221.400000,66.360037,66.360037,0.000000,0.000000,0.000000,0.000000,66.360037
1523213221.450000,81.099984,81.099984,0.000000,0.000000,0.000000,0.000000,81.099984
1523213221.500000,71.419977,71.419977,0.000000,0.000000,0.000000,0.000000,71.419977
1523213221.550000,71.840047,71.840047,0.000000,0.000000,0.000000,0.000000,71.840047
1523213221.600000,79.319989,79.319989,0.000000,0.000000,0.000000,0.000000,79.319989
1523213221.650000,71.959999,71.959999,0.000000,0.000000,0.000000,0.000000,71.959999
1523213221.700000,78.440006,78.440006,0.000000,0.000000,0.000000,0.000000,78.440006
1523213221.750000,81.040001,81.040001,0.000000,0.000000,0.000000,0.000000,81.040001
1523213221.800000,71.099998,71.099998,0.000000,0.000000,0.000000,0.000000,71.099998
1523213221.850000,70.299991,70.299991,0.000000,0.000000,0.000000,0.000000,70.299991
1523213221.900000,78.699995,78.699995,0.000000,0.000000,0.000000,0.000000,78.699995
1523213221.950000,80.520008,80.520008,0.000000,0.000000,0.000000,0.000000,80.520008
1523213222.000000,78.040016,78.040016,0.000000,0.000000,0.000000,0.000000,78.040016
1523213222.050000,45.700016,45.700016,0.000000,0.000000,0.000000,0.000000,45.700016
1523213222.100000,25.779952,25.779952,0.000000,0.000000,0.000000,0.000000,25.779952
1523213222.150000,32.779993,32.779993,0.000000,0.000000,0.000000,0.000000,32.779993
1523213222.200000,38.479943,38.479943,0.000000,0.000000,0.000000,0.000000,38.479943
1523213222.250000,40.460009,40.460009,0.000000,0.000000,0.000000,0.000000,40.460009
1523213222.300000,22.860023,22.860023,0.000000,0.000000,0.000000,0.000000,22.860023
1523213222.350000,29.759972,29.759972,0.000000,0.000000,0.000000,0.000000,29.759972
1523213222.400000,29.159973,29.159973,0.000000,0.000000,0.000000,0.000000,29.159973
1523213222.450000,25.219933,25.219933,0.000000,0.000000,0.000000,0.000000,25.219933
1523213222.500000,31.140001,31.140001,0.000000,0.000000,0.000000,0.000000,31.140001
1523213222.550000,33.099975,33.099975,0.000000,0.000000,0.000000,0.000000,33.099975
1523213222.600000,33.380018,33.380018,0.000000,0.000000,0.000000,0.000000,33.380018
1523213222.650000,32.379969,32.379969,0.000000,0.000000,0.000000,0.000000,32.379969
1523213222.700000,24.120003,24.120003,0.000000,0.000000,0.000000,0.000000,24.120003
1523213222.750000,36.720013,36.720013,0.000000,0.000000,0.000000,0.000000,36.720013
1523213222.800000,51.799996,51.799996,0.000000,0.000000,0.000000,0.000000,51.799996
1523213222.850000,35.039997,35.039997,0.000000,0.000000,0.000000,0.000000,35.039997
1523213222.900000,21.119968,21.119968,0.000000,0.000000,0.000000,0.000000,21.119968
1523213222.950000,18.580003,18.580003,0.000000,0.000000,0.000000,0.000000,18.580003
1523213223.000000,47.419997,47.419997,0.000000,0.000000,0.000000,0.000000,47.419997
1523213223.050000,40.299988,40.299988,0.000000,0.000000,0.000000,0.000000,40.299988
1523213223.100000,65.120002,65.120002,0.000000,0.000000,0.000000,0.000000,65.120002
1523213223.150000,26.019992,26.019992,0.000000,0.000000,0.000000,0.000000,26.019992
1523213223.200000,26.119985,26.119985,0.000000,0.000000,0.000000,0.000000,26.119985
1523213223.250000,65.039996,65.039996,0.000000,0.000000,0.000000,0.000000,65.039996
1523213223.300000,86.679986,86.679986,0.000000,0.000000,0.000000,0.000000,86.679986
1523213223.350000,80.939982,80.939982,0.000000,0.000000,0.000000,0.000000,80.939982
1523213223.400000,59.619981,59.619981,0.000000,0.000000,0.000000,0.000000,59.619981
1523213223.450000,42.000013,42.000013,0.000000,0.000000,0.000000,0.000000,42.000013
1523213223.500000,30.840034,30.840034,0.000000,0.000000,0.000000,0.000000,30.840034
1523213223.550000,69.879979,69.879979,0.000000,0.000000,0.000000,0.000000,69.879979
1523213223.600000,70.099987,70.099987,0.000000,0.000000,0.000000,0.000000,70.099987
1523213223.650000,72.360007,72.360007,0.000000,0.000000,0.000000,0.000000,72.360007
1523213223.700000,53.020003,53.020003,0.000000,0.000000,0.000000,0.000000,53.020003
1523213223.750000,40.700013,40.700013,0.000000,0.000000,0.000000,0.000000,40.700013
1523213223.800000,25.460004,25.460004,0.000000,0.000000,0.000000,0.000000,25.460004
1523213223.850000,24.820007,24.820007,0.000000,0.000000,0.000000,0.000000,24.820007
1523213223.900000,42.220003,42.220003,0.000000,0.000000,0.000000,0.000000,42.220003
1523213223.950000,70.519973,70.519973,0.000000,0.000000,0.000000,0.000000,70.519973
1523213224.000000,53.280036,53.280036,0.000000,0.000000,0.000000,0.000000,53.280036
1523213224.050000,54.400063,54.400063,0.000000,0.000000,0.000000,0.000000,54.400063
1523213224.100000,50.240014,50.240014,0.000000,0.000000,0.000000,0.000000,50.240014
1523213224.150000,39.199977,39.199977,0.000000,0.000000,0.000000,0.000000,39.199977
1523213224.200000,49.680037,49.680037,0.000000,0.000000,0.000000,0.000000,49.680037
1523213224.250000,73.759975,73.759975,0.000000,0.000000,0.000000,0.000000,73.759975
1523213224.300000,72.960021,72.960021,0.000000,0.000000,0.000000,0.000000,72.960021
1523213224.350000,83.960023,83.960023,0.000000,0.000000,0.000000,0.000000,83.960023
1523213224.400000,87.719971,87.719971,0.000000,0.000000,0.000000,0.000000,87.719971
1523213224.450000,84.159959,84.159959,0.000000,0.000000,0.000000,0.000000,84.159959
1523213224.500000,73.659991,73.659991,0.000000,0.000000,0.000000,0.000000,73.659991
1523213224.550000,34.499969,34.499969,0.000000,0.000000,0.000000,0.000000,34.499969
1523213224.600000,36.840023,36.840023,0.000000,0.000000,0.000000,0.000000,36.840023
1523213224.650000,74.679991,74.679991,0.000000,0.000000,0.000000,0.000000,74.679991
1523213224.700000,72.279989,72.279989,0.000000,0.000000,0.000000,0.000000,72.279989
1523213224.750000,78.160035,78.160035,0.000000,0.000000,0.000000,0.000000,78.160035
1523213224.800000,64.179994,64.179994,0.000000,0.000000,0.000000,0.000000,64.179994
1523213224.850000,3.299994,3.299994,0.000000,0.000000,0.000000,0.000000,3.299994
1523213224.900000,0.000000,0.000000,0.000000,0.000000,0.000000,0.000000,0.000000
1523213224.950000,0.000000,0.000000,0.000000,0.000000,0.000000,0.000000,0.000000
1523213225.000000,0.000000,0.000000,0.000000,0.000000,0.000000,0.000000,0.000000
1523213225.050000,21.599975,21.599975,0.000000,0.000000,0.000000,0.000000,21.599975
1523213225.100000,56.199976,56.199976,0.000000,0.000000,0.000000,0.000000,56.199976
1523213225.150000,69.480031,69.480031,0.000000,0.000000,0.000000,0.000000,69.480031
1523213225.200000,63.660041,63.660041,0.000000,0.000000,0.000000,0.000000,63.660041
1523213225.250000,70.380010,70.380010,0.000000,0.000000,0.000000,0.000000,70.380010
1523213225.300000,55.339998,55.339998,0.000000,0.000000,0.000000,0.000000,55.339998
1523213225.350000,48.060016,48.060016,0.000000,0.000000,0.000000,0.000000,48.060016
1523213225.400000,29.739947,29.739947,0.000000,0.000000,0.000000,0.000000,29.739947
1523213225.450000,68.620032,68.620032,0.000000,0.000000,0.000000,0.000000,68.620032
1523213225.500000,81.300005,81.300005,0.000000,0.000000,0.000000,0.000000,81.300005
1523213225.550000,83.520045,83.520045,0.000000,0.000000,0.000000,0.000000,83.520045
1523213225.600000,82.920008,82.920008,0.000000,0.000000,0.000000,0.000000,82.920008
1523213225.650000,82.179967,82.179967,0.000000,0.000000,0.000000,0.000000,82.179967
1523213225.700000,71.940037,71.940037,0.000000,0.000000,0.000000,0.000000,71.940037
1523213225.750000,42.119983,42.119983,0.000000,0.000000,0.000000,0.000000,42.119983
1523213225.800000,25.279994,25.279994,0.000000,0.000000,0.000000,0.000000,25.279994
1523213225.850000,59.219976,59.219976,0.000000,0.000000,0.000000,0.000000,59.219976
1523213225.900000,38.939996,38.939996,0.000000,0.000000,0.000000,0.000000,38.939996
1523213225.950000,21.859975,21.859975,0.000000,0.000000,0.000000,0.000000,21.859975
1523213226.000000,49.840014,49.840014,0.000000,0.000000,0.000000,0.000000,49.840014
1523213226.050000,58.080024,58.080024,0.000000,0.000000,0.000000,0.000000,58.080024
1523213226.100000,58.959993,58.959993,0.000000,0.000000,0.000000,0.000000,58.959993
1523213226.150000,64.459977,64.459977,0.000000,0.000000,0.000000,0.000000,64.459977
1523213226.200000,47.299974,47.299974,0.000000,0.000000,0.000000,0.000000,47.299974
1523213226.250000,43.180034,43.180034,0.000000,0.000000,0.000000,0.000000,43.180034
1523213226.300000,62.419980,62.419980,0.000000,0.000000,0.000000,0.000000,62.419980
1523213226.350000,18.040008,18.040008,0.000000,0.000000,0.000000,0.000000,18.040008
1523213226.400000,30.260015,30.260015,0.000000,0.000000,0.000000,0.000000,30.260015
1523213226.450000,28.720005,28.720005,0.000000,0.000000,0.000000,0.000000,28.720005
1523213226.500000,54.539989,54.539989,0.000000,0.000000,0.000000,0.000000,54.539989
1523213226.550000,84.580067,84.580067,0.000000,0.000000,0.000000,0.000000,84.580067
1523213226.600000,87.500021,87.500021,0.000000,0.000000,0.000000,0.000000,87.500021
1523213226.650000,70.659989,70.659989,0.000000,0.000000,0.000000,0.000000,70.659989
1523213226.700000,58.919966,58.919966,0.000000,0.000000,0.000000,0.000000,58.919966
1523213226.750000,30.159982,30.159982,0.000000,0.000000,0.000000,0.000000,30.159982
1523213226.800000,44.520010,44.520010,0.000000,0.000000,0.000000,0.000000,44.520010
1523213226.850000,49.739985,49.739985,0.000000,0.000000,0.000000,0.000000,49.739985
1523213226.900000,62.899983,62.899983,0.000000,0.000000,0.000000,0.000000,62.899983
1523213226.950000,77.400048,77.400048,0.000000,0.000000,0.000000,0.000000,77.400048
1523213227.000000,86.299961,86.299961,0.000000,0.000000,0.000000,0.000000,86.299961
1523213227.050000,82.660043,82.660043,0.000000,0.000000,0.000000,0.000000,82.660043
1523213227.100000,67.720028,67.720028,0.000000,0.000000,0.000000,0.000000,67.720028
1523213227.150000,57.719975,57.719975,0.000000,0.000000,0.000000,0.000000,57.719975
1523213227.200000,33.779975,33.779975,0.000000,0.000000,0.000000,0.000000,33.779975
1523213227.250000,56.320002,56.320002,0.000000,0.000000,0.000000,0.000000,56.320002
1523213227.300000,79.179989,79.179989,0.000000,0.000000,0.000000,0.000000,79.179989
1523213227.350000,66.640022,66.640022,0.000000,0.000000,0.000000,0.000000,66.640022
1523213227.400000,59.839959,59.839959,0.000000,0.000000,0.000000,0.000000,59.839959
1523213227.450000,64.920012,64.920012,0.000000,0.000000,0.000000,0.000000,64.920012
1523213227.500000,74.039984,74.039984,0.000000,0.000000,0.000000,0.000000,74.039984
1523213227.550000,82.260025,82.260025,0.000000,0.000000,0.000000,0.000000,82.260025
1523213227.600000,80.079990,80.079990,0.000000,0.000000,0.000000,0.000000,80.079990
1523213227.650000,69.899991,69.899991,0.000000,0.000000,0.000000,0.000000,69.899991
1523213227.700000,48.480045,48.480045,0.000000,0.000000,0.000000,0.000000,48.480045
1523213227.750000,59.899991,59.899991,0.000000,0.000000,0.000000,0.000000,59.899991
1523213227.800000,47.200003,47.200003,0.000000,0.000000,0.000000,0.000000,47.200003
1523213227.850000,46.120010,46.120010,0.000000,0.000000,0.000000,0.000000,46.120010
1523213227.900000,18.300022,18.300022,0.000000,0.000000,0.000000,0.000000,18.300022
1523213227.950000,23.740000,23.740000,0.000000,0.000000,0.000000,0.000000,23.740000
1523213228.000000,24.219986,24.219986,0.000000,0.000000,0.000000,0.000000,24.219986
1523213228.050000,37.780004,37.780004,0.000000,0.000000,0.000000,0.000000,37.780004
1523213228.100000,39.059995,39.059995,0.000000,0.000000,0.000000,0.000000,39.059995
1523213228.150000,61.339992,61.339992,0.000000,0.000000,0.000000,0.000000,61.339992
1523213228.200000,69.040016,69.040016,0.000000,0.000000,0.000000,0.000000,69.040016
1523213228.250000,60.620027,60.620027,0.000000,0.000000,0.000000,0.000000,60.620027
1523213228.300000,63.959978,63.959978,0.000000,0.000000,0.000000,0.000000,63.959978
1523213228.350000,85.380014,85.380014,0.000000,0.000000,0.000000,0.000000,85.380014
1523213228.400000,74.759970,74.759970,0.000000,0.000000,0.000000,0.000000,74.759970
1523213228.450000,69.099993,69.099993,0.000000,0.000000,0.000000,0.000000,69.099993
1523213228.500000,85.660018,85.660018,0.000000,0.000000,0.000000,0.000000,85.660018
1523213228.550000,58.939990,58.939990,0.000000,0.000000,0.000000,0.000000,58.939990
1523213228.600000,33.719975,33.719975,0.000000,0.000000,0.000000,0.000000,33.719975
1523213228.650000,44.719989,44.719989,0.000000,0.000000,0.000000,0.000000,44.719989
1523213228.700000,42.799987,42.799987,0.000000,0.000000,0.000000,0.000000,42.799987
1523213228.750000,86.199998,86.199998,0.000000,0.000000,0.000000,0.000000,86.199998
1523213228.800000,83.640034,83.640034,0.000000,0.000000,0.000000,0.000000,83.640034
1523213228.850000,81.020026,81.020026,0.000000,0.000000,0.000000,0.000000,81.020026
1523213228.900000,71.919957,71.919957,0.000000,0.000000,0.000000,0.000000,71.919957
1523213228.950000,70.500009,70.500009,0.000000,0.000000,0.000000,0.000000,70.500009
1523213229.000000,76.919980,76.919980,0.000000,0.000000,0.000000,0.000000,76.919980
1523213229.050000,60.760038,60.760038,0.000000,0.000000,0.000000,0.000000,60.760038
1523213229.100000,64.339977,64.339977,0.000000,0.000000,0.000000,0.000000,64.339977
1523213229.150000,56.700054,56.700054,0.000000,0.000000,0.000000,0.000000,56.700054
1523213229.200000,58.479972,58.479972,0.000000,0.000000,0.000000,0.000000,58.479972
1523213229.250000,50.780002,50.780002,0.000000,0.000000,0.000000,0.000000,50.780002
1523213229.300000,28.040010,28.040010,0.000000,0.000000,0.000000,0.000000,28.040010
1523213229.350000,47.059937,47.059937,0.000000,0.000000,0.000000,0.000000,47.059937
1523213229.400000,77.999995,77.999995,0.000000,0.000000,0.000000,0.000000,77.999995
1523213229.450000,76.619976,76.619976,0.000000,0.000000,0.000000,0.000000,76.619976
1523213229.500000,53.999991,53.999991,0.000000,0.000000,0.000000,0.000000,53.999991
1523213229.550000,39.060005,39.060005,0.000000,0.000000,0.000000,0.000000,39.060005
1523213229.600000,72.200045,72.200045,0.000000,0.000000,0.000000,0.000000,72.200045
1523213229.650000,86.140010,86.140010,0.000000,0.000000,0.000000,0.000000,86.140010
1523213229.700000,59.020032,59.020032,0.000000,0.000000,0.000000,0.000000,59.020032
1523213229.750000,45.420003,45.420003,0.000000,0.000000,0.000000,0.000000,45.420003
1523213229.800000,73.479993,73.479993,0.000000,0.000000,0.000000,0.000000,73.479993
1523213229.850000,79.460011,79.460011,0.000000,0.000000,0.000000,0.000000,79.460011
1523213229.900000,80.539964,80.539964,0.000000,0.000000,0.000000,0.000000,80.539964
1523213229.950000,78.780006,78.780006,0.000000,0.000000,0.000000,0.000000,78.780006
1523213230.000000,86.179983,86.179983,0.000000,0.000000,0.000000,0.000000,86.179983
1523213230.050000,84.139983,84.139983,0.000000,0.000000,0.000000,0.000000,84.139983
1523213230.100000,86.499990,86.499990,0.000000,0.000000,0.000000,0.000000,86.499990
1523213230.150000,87.860018,87.860018,0.000000,0.000000,0.000000,0.000000,87.860018
1523213230.200000,78.959981,78.959981,0.000000,0.000000,0.000000,0.000000,78.959981
1523213230.250000,53.859993,53.859993,0.000000,0.000000,0.000000,0.000000,53.859993
1523213230.300000,69.719990,69.719990,0.000000,0.000000,0.000000,0.000000,69.719990
1523213230.350000,77.739988,77.739988,0.000000,0.000000,0.000000,0.000000,77.739988
1523213230.400000,48.720002,48.720002,0.000000,0.000000,0.000000,0.000000,48.720002
1523213230.450000,35.000018,35.000018,0.000000,0.000000,0.000000,0.000000,35.000018
1523213230.500000,45.800014,45.800014,0.000000,0.000000,0.000000,0.000000,45.800014
1523213230.550000,80.919972,80.919972,0.000000,0.000000,0.000000,0.000000,80.919972
1523213230.600000,84.020002,84.020002,0.000000,0.000000,0.000000,0.000000,84.020002
1523213230.650000,67.640011,67.640011,0.000000,0.000000,0.000000,0.000000,67.640011
1523213230.700000,66.620008,66.620008,0.000000,0.000000,0.000000,0.000000,66.620008
1523213230.750000,50.280000,50.280000,0.000000,0.000000,0.000000,0.000000,50.280000
1523213230.800000,45.339998,45.339998,0.000000,0.000000,0.000000,0.000000,45.339998
1523213230.850000,51.980011,51.980011,0.000000,0.000000,0.000000,0.000000,51.980011
1523213230.900000,69.340003,69.340003,0.000000,0.000000,0.000000,0.000000,69.340003
1523213230.950000,73.680007,73.680007,0.000000,0.000000,0.000000,0.000000,73.680007
1523213231.000000,66.060010,66.060010,0.000000,0.000000,0.000000,0.000000,66.060010
1523213231.050000,61.380026,61.380026,0.000000,0.000000,0.000000,0.000000,61.380026
1523213231.100000,41.040005,41.040005,0.000000,0.000000,0.000000,0.000000,41.040005
1523213231.150000,32.519988,32.519988,0.000000,0.000000,0.000000,0.000000,32.519988
1523213231.200000,26.359995,26.359995,0.000000,0.000000,0.000000,0.000000,26.359995
1523213231.250000,34.459999,34.459999,0.000000,0.000000,0.000000,0.000000,34.459999
1523213231.300000,47.919983,47.919983,0.000000,0.000000,0.000000,0.000000,47.919983
1523213231.350000,73.839971,73.839971,0.000000,0.000000,0.000000,0.000000,73.839971
1523213231.400000,74.539934,74.539934,0.000000,0.000000,0.000000,0.000000,74.539934
1523213231.450000,73.840023,73.840023,0.000000,0.000000,0.000000,0.000000,73.840023
1523213231.500000,55.120028,55.120028,0.000000,0.000000,0.000000,0.000000,55.120028
1523213231.550000,43.800050,43.800050,0.000000,0.000000,0.000000,0.000000,43.800050
1523213231.600000,45.179976,45.179976,0.000000,0.000000,0.000000,0.000000,45.179976
1523213231.650000,86.199978,86.199978,0.000000,0.000000,0.000000,0.000000,86.199978
1523213231.700000,82.040036,82.040036,0.000000,0.000000,0.000000,0.000000,82.040036
1523213231.750000,81.599980,81.599980,0.000000,0.000000,0.000000,0.000000,81.599980
1523213231.800000,72.759981,72.759981,0.000000,0.000000,0.000000,0.000000,72.759981
1523213231.850000,63.960013,63.960013,0.000000,0.000000,0.000000,0.000000,63.960013
1523213231.900000,37.600028,37.600028,0.000000,0.000000,0.000000,0.000000,37.600028
1523213231.950000,40.520022,40.520022,0.000000,0.000000,0.000000,0.000000,40.520022
1523213232.000000,45.440025,45.440025,0.000000,0.000000,0.000000,0.000000,45.440025
1523213232.050000,49.660006,49.660006,0.000000,0.000000,0.000000,0.000000,49.660006
1523213232.100000,33.880027,33.880027,0.000000,0.000000,0.000000,0.000000,33.880027
1523213232.150000,41.199954,41.199954,0.000000,0.000000,0.000000,0.000000,41.199954
1523213232.200000,78.360001,78.360001,0.000000,0.000000,0.000000,0.000000,78.360001
1523213232.250000,80.760000,80.760000,0.000000,0.000000,0.000000,0.000000,80.760000
1523213232.300000,30.160001,30.160001,0.000000,0.000000,0.000000,0.000000,30.160001
1523213232.350000,36.559943,36.559943,0.000000,0.000000,0.000000,0.000000,36.559943
1523213232.400000,51.379989,51.379989,0.000000,0.000000,0.000000,0.000000,51.379989
1523213232.450000,59.239992,59.239992,0.000000,0.000000,0.000000,0.000000,59.239992
1523213232.500000,55.719976,55.719976,0.000000,0.000000,0.000000,0.000000,55.719976
1523213232.550000,56.600030,56.600030,0.000000,0.000000,0.000000,0.000000,56.600030
1523213232.600000,72.559975,72.559975,0.000000,0.000000,0.000000,0.000000,72.559975
1523213232.650000,66.780007,66.780007,0.000000,0.000000,0.000000,0.000000,66.780007
1523213232.700000,38.239986,38.239986,0.000000,0.000000,0.000000,0.000000,38.239986
1523213232.750000,30.580040,30.580040,0.000000,0.000000,0.000000,0.000000,30.580040
1523213232.800000,37.799959,37.799959,0.000000,0.000000,0.000000,0.000000,37.799959
1523213232.850000,86.579959,86.579959,0.000000,0.000000,0.000000,0.000000,86.579959
1523213232.900000,84.319970,84.319970,0.000000,0.000000,0.000000,0.000000,84.319970
1523213232.950000,69.360020,69.360020,0.000000,0.000000,0.000000,0.000000,69.360020
1523213233.000000,53.820004,53.820004,0.000000,0.000000,0.000000,0.000000,53.820004
1523213233.050000,64.360031,64.360031,0.000000,0.000000,0.000000,0.000000,64.360031
1523213233.100000,78.159995,78.159995,0.000000,0.000000,0.000000,0.000000,78.159995
1523213233.150000,67.739966,67.739966,0.000000,0.000000,0.000000,0.000000,67.739966
1523213233.200000,53.599972,53.599972,0.000000,0.000000,0.000000,0.000000,53.599972
1523213233.250000,44.640014,44.640014,0.000000,0.000000,0.000000,0.000000,44.640014
1523213233.300000,36.379995,36.379995,0.000000,0.000000,0.000000,0.000000,36.379995
1523213233.350000,33.159986,33.159986,0.000000,0.000000,0.000000,0.000000,33.159986
1523213233.400000,44.679996,44.679996,0.000000,0.000000,0.000000,0.000000,44.679996
1523213233.450000,26.040001,26.040001,0.000000,0.000000,0.000000,0.000000,26.040001
1523213233.500000,17.260018,17.260018,0.000000,0.000000,0.000000,0.000000,17.260018
1523213233.550000,42.940007,42.940007,0.000000,0.000000,0.000000,0.000000,42.940007
1523213233.600000,84.840056,84.840056,0.000000,0.000000,0.000000,0.000000,84.840056
1523213233.650000,84.699973,84.699973,0.000000,0.000000,0.000000,0.000000,84.699973
1523213233.700000,77.859934,77.859934,0.000000,0.000000,0.000000,0.000000,77.859934
1523213233.750000,86.920030,86.920030,0.000000,0.000000,0.000000,0.000000,86.920030
1523213233.800000,82.699997,82.699997,0.000000,0.000000,0.000000,0.000000,82.699997
1523213233.850000,80.739997,80.739997,0.000000,0.000000,0.000000,0.000000,80.739997
1523213233.900000,86.980007,86.980007,0.000000,0.000000,0.000000,0.000000,86.980007
1523213233.950000,74.359974,74.359974,0.000000,0.000000,0.000000,0.000000,74.359974
1523213234.000000,73.680023,73.680023,0.000000,0.000000,0.000000,0.000000,73.680023
1523213234.050000,59.760023,59.760023,0.000000,0.000000,0.000000,0.000000,59.760023
1523213234.100000,53.640004,53.640004,0.000000,0.000000,0.000000,0.000000,53.640004
1523213234.150000,46.880012,46.880012,0.000000,0.000000,0.000000,0.000000,46.880012
1523213234.200000,69.419991,69.419991,0.000000,0.000000,0.000000,0.000000,69.419991
1523213234.250000,53.219987,53.219987,0.000000,0.000000,0.000000,0.000000,53.219987
1523213234.300000,36.319985,36.319985,0.000000,0.000000,0.000000,0.000000,36.319985
1523213234.350000,40.860045,40.860045,0.000000,0.000000,0.000000,0.000000,40.860045
1523213234.400000,27.680013,27.680013,0.000000,0.000000,0.000000,0.000000,27.680013
1523213234.450000,42.600006,42.600006,0.000000,0.000000,0.000000,0.000000,42.600006
1523213234.500000,48.099995,48.099995,0.000000,0.000000,0.000000,0.000000,48.099995
1523213234.550000,35.619987,35.619987,0.000000,0.000000,0.000000,0.000000,35.619987
1523213234.600000,40.419976,40.419976,0.000000,0.000000,0.000000,0.000000,40.419976
1523213234.650000,70.700031,70.700031,0.000000,0.000000,0.000000,0.000000,70.700031
1523213234.700000,75.100011,75.100011,0.000000,0.000000,0.000000,0.000000,75.100011
1523213234.750000,41.940009,41.940009,0.000000,0.000000,0.000000,0.000000,41.940009
1523213234.800000,32.019996,32.019996,0.000000,0.000000,0.000000,0.000000,32.019996
1523213234.850000,73.360029,73.360029,0.000000,0.000000,0.000000,0.000000,73.360029
1523213234.900000,67.979981,67.979981,0.000000,0.000000,0.000000,0.000000,67.979981
1523213234.950000,84.100010,84.100010,0.000000,0.000000,0.000000,0.000000,84.100010
1523213235.000000,82.020007,82.020007,0.000000,0.000000,0.000000,0.000000,82.020007
1523213235.050000,60.020011,60.020011,0.000000,0.000000,0.000000,0.000000,60.020011
1523213235.100000,45.940008,45.940008,0.000000,0.000000,0.000000,0.000000,45.940008
1523213235.150000,45.479978,45.479978,0.000000,0.000000,0.000000,0.000000,45.479978
1523213235.200000,72.819983,72.819983,0.000000,0.000000,0.000000,0.000000,72.819983
1523213235.250000,75.780024,75.780024,0.000000,0.000000,0.000000,0.000000,75.780024
1523213235.300000,85.000008,85.000008,0.000000,0.000000,0.000000,0.000000,85.000008
1523213235.350000,60.820011,60.820011,0.000000,0.000000,0.000000,0.000000,60.820011
1523213235.400000,60.140036,60.140036,0.000000,0.000000,0.000000,0.000000,60.140036
1523213235.450000,73.859976,73.859976,0.000000,0.000000,0.000000,0.000000,73.859976
1523213235.500000,67.200010,67.200010,0.000000,0.000000,0.000000,0.000000,67.200010
1523213235.550000,40.620035,40.620035,0.000000,0.000000,0.000000,0.000000,40.620035
1523213235.600000,28.539980,28.539980,0.000000,0.000000,0.000000,0.000000,28.539980
1523213235.650000,46.679959,46.679959,0.000000,0.000000,0.000000,0.000000,46.679959
1523213235.700000,86.680022,86.680022,0.000000,0.000000,0.000000,0.000000,86.680022
1523213235.750000,69.380009,69.380009,0.000000,0.000000,0.000000,0.000000,69.380009
1523213235.800000,27.680005,27.680005,0.000000,0.000000,0.000000,0.000000,27.680005
1523213235.850000,53.199988,53.199988,0.000000,0.000000,0.000000,0.000000,53.199988
1523213235.900000,86.059999,86.059999,0.000000,0.000000,0.000000,0.000000,86.059999
1523213235.950000,79.740019,79.740019,0.000000,0.000000,0.000000,0.000000,79.740019
1523213236.000000,46.199990,46.199990,0.000000,0.000000,0.000000,0.000000,46.199990
1523213236.050000,31.019942,31.019942,0.000000,0.000000,0.000000,0.000000,31.019942
1523213236.100000,37.379970,37.379970,0.000000,0.000000,0.000000,0.000000,37.379970
1523213236.150000,31.959994,31.959994,0.000000,0.000000,0.000000,0.000000,31.959994
1523213236.200000,45.920021,45.920021,0.000000,0.000000,0.000000,0.000000,45.920021
1523213236.250000,31.240027,31.240027,0.000000,0.000000,0.000000,0.000000,31.240027
1523213236.300000,38.040027,38.040027,0.000000,0.000000,0.000000,0.000000,38.040027
1523213236.350000,47.920028,47.920028,0.000000,0.000000,0.000000,0.000000,47.920028
1523213236.400000,30.279998,30.279998,0.000000,0.000000,0.000000,0.000000,30.279998
1523213236.450000,53.880013,53.880013,0.000000,0.000000,0.000000,0.000000,53.880013
1523213236.500000,85.060012,85.060012,0.000000,0.000000,0.000000,0.000000,85.060012
1523213236.550000,78.080029,78.080029,0.000000,0.000000,0.000000,0.000000,78.080029
1523213236.600000,49.159997,49.159997,0.000000,0.000000,0.000000,0.000000,49.159997
1523213236.650000,60.319975,60.319975,0.000000,0.000000,0.000000,0.000000,60.319975
1523213236.700000,76.319976,76.319976,0.000000,0.000000,0.000000,0.000000,76.319976
1523213236.750000,77.139985,77.139985,0.000000,0.000000,0.000000,0.000000,77.139985
1523213236.800000,44.579997,44.579997,0.000000,0.000000,0.000000,0.000000,44.579997
1523213236.850000,51.400015,51.400015,0.000000,0.000000,0.000000,0.000000,51.400015
1523213236.900000,57.379987,57.379987,0.000000,0.000000,0.000000,0.000000,57.379987
1523213236.950000,86.260009,86.260009,0.000000,0.000000,0.000000,0.000000,86.260009
1523213237.000000,79.420002,79.420002,0.000000,0.000000,0.000000,0.000000,79.420002
1523213237.050000,85.320021,85.320021,0.000000,0.000000,0.000000,0.000000,85.320021
1523213237.100000,83.779997,83.779997,0.000000,0.000000,0.000000,0.000000,83.779997
1523213237.150000,84.359937,84.359937,0.000000,0.000000,0.000000,0.000000,84.359937
1523213237.200000,87.680014,87.680014,0.000000,0.000000,0.000000,0.000000,87.680014
1523213237.250000,57.820004,57.820004,0.000000,0.000000,0.000000,0.000000,57.820004
1523213237.300000,26.920025,26.920025,0.000000,0.000000,0.000000,0.000000,26.920025
1523213237.350000,18.399976,18.399976,0.000000,0.000000,0.000000,0.000000,18.399976
1523213237.400000,32.299999,32.299999,0.000000,0.000000,0.000000,0.000000,32.299999
1523213237.450000,38.220063,38.220063,0.000000,0.000000,0.000000,0.000000,38.220063
1523213237.500000,65.059964,65.059964,0.000000,0.000000,0.000000,0.000000,65.059964
1523213237.550000,54.080030,54.080030,0.000000,0.000000,0.000000,0.000000,54.080030
1523213237.600000,19.199980,19.199980,0.000000,0.000000,0.000000,0.000000,19.199980
1523213237.650000,38.680047,38.680047,0.000000,0.000000,0.000000,0.000000,38.680047
1523213237.700000,65.739994,65.739994,0.000000,0.000000,0.000000,0.000000,65.739994
1523213237.750000,75.780008,75.780008,0.000000,0.000000,0.000000,0.000000,75.780008
1523213237.800000,69.080011,69.080011,0.000000,0.000000,0.000000,0.000000,69.080011
1523213237.850000,53.560035,53.560035,0.000000,0.000000,0.000000,0.000000,53.560035
1523213237.900000,48.580020,48.580020,0.000000,0.000000,0.000000,0.000000,48.580020
1523213237.950000,76.880012,76.880012,0.000000,0.000000,0.000000,0.000000,76.880012
1523213238.000000,84.099976,84.099976,0.000000,0.000000,0.000000,0.000000,84.099976
1523213238.050000,66.900044,66.900044,0.000000,0.000000,0.000000,0.000000,66.900044
1523213238.100000,56.980021,56.980021,0.000000,0.000000,0.000000,0.000000,56.980021
1523213238.150000,85.339943,85.339943,0.000000,0.000000,0.000000,0.000000,85.339943
1523213238.200000,87.659990,87.659990,0.000000,0.000000,0.000000,0.000000,87.659990
1523213238.250000,84.040020,84.040020,0.000000,0.000000,0.000000,0.000000,84.040020
1523213238.300000,78.220041,78.220041,0.000000,0.000000,0.000000,0.000000,78.220041
1523213238.350000,62.640025,62.640025,0.000000,0.000000,0.000000,0.000000,62.640025
1523213238.400000,53.619991,53.619991,0.000000,0.000000,0.000000,0.000000,53.619991
1523213238.450000,56.579969,56.579969,0.000000,0.000000,0.000000,0.000000,56.579969
1523213238.500000,71.980013,71.980013,0.000000,0.000000,0.000000,0.000000,71.980013
1523213238.550000,65.799989,65.799989,0.000000,0.000000,0.000000,0.000000,65.799989
1523213238.600000,70.559930,70.559930,0.000000,0.000000,0.000000,0.000000,70.559930
1523213238.650000,87.840020,87.840020,0.000000,0.000000,0.000000,0.000000,87.840020
1523213238.700000,84.819972,84.819972,0.000000,0.000000,0.000000,0.000000,84.819972
1523213238.750000,80.760056,80.760056,0.000000,0.000000,0.000000,0.000000,80.760056
1523213238.800000,73.259950,73.259950,0.000000,0.000000,0.000000,0.000000,73.259950
1523213238.850000,52.539986,52.539986,0.000000,0.000000,0.000000,0.000000,52.539986
1523213238.900000,50.139987,50.139987,0.000000,0.000000,0.000000,0.000000,50.139987
1523213238.950000,39.379983,39.379983,0.000000,0.000000,0.000000,0.000000,39.379983
1523213239.000000,55.999985,55.999985,0.000000,0.000000,0.000000,0.000000,55.999985
1523213239.050000,85.460021,85.460021,0.000000,0.000000,0.000000,0.000000,85.460021
1523213239.100000,84.500032,84.500032,0.000000,0.000000,0.000000,0.000000,84.500032
1523213239.150000,81.899959,81.899959,0.000000,0.000000,0.000000,0.000000,81.899959
1523213239.200000,81.139970,81.139970,0.000000,0.000000,0.000000,0.000000,81.139970
1523213239.250000,74.560011,74.560011,0.000000,0.000000,0.000000,0.000000,74.560011
1523213239.300000,57.539966,57.539966,0.000000,0.000000,0.000000,0.000000,57.539966
1523213239.350000,63.079980,63.079980,0.000000,0.000000,0.000000,0.000000,63.079980
1523213239.400000,71.059958,71.059958,0.000000,0.000000,0.000000,0.000000,71.059958
1523213239.450000,58.559996,58.559996,0.000000,0.000000,0.000000,0.000000,58.559996
1523213239.500000,64.260003,64.260003,0.000000,0.000000,0.000000,0.000000,64.260003
1523213239.550000,82.779984,82.779984,0.000000,0.000000,0.000000,0.000000,82.779984
1523213239.600000,85.859981,85.859981,0.000000,0.000000,0.000000,0.000000,85.859981
1523213239.650000,76.639952,76.639952,0.000000,0.000000,0.000000,0.000000,76.639952
1523213239.700000,79.140016,79.140016,0.000000,0.000000,0.000000,0.000000,79.140016
1523213239.750000,78.699986,78.699986,0.000000,0.000000,0.000000,0.000000,78.699986
1523213239.800000,28.800014,28.800014,0.000000,0.000000,0.000000,0.000000,28.800014
1523213239.850000,32.639939,32.639939,0.000000,0.000000,0.000000,0.000000,32.639939
1523213239.900000,67.459987,67.459987,0.000000,0.000000,0.000000,0.000000,67.459987
1523213239.950000,73.400043,73.400043,0.000000,0.000000,0.000000,0.000000,73.400043
1523213240.000000,87.740011,87.740011,0.000000,0.000000,0.000000,0.000000,87.740011
1523213240.050000,74.779981,74.779981,0.000000,0.000000,0.000000,0.000000,74.779981
1523213240.100000,69.419998,69.419998,0.000000,0.000000,0.000000,0.000000,69.419998
1523213240.150000,71.120020,71.120020,0.000000,0.000000,0.000000,0.000000,71.120020
1523213240.200000,79.260030,79.260030,0.000000,0.000000,0.000000,0.000000,79.260030
1523213240.250000,78.020016,78.020016,0.000000,0.000000,0.000000,0.000000,78.020016
1523213240.300000,58.200020,58.200020,0.000000,0.000000,0.000000,0.000000,58.200020
1523213240.350000,86.940000,86.940000,0.000000,0.000000,0.000000,0.000000,86.940000
1523213240.400000,85.979956,85.979956,0.000000,0.000000,0.000000,0.000000,85.979956
1523213240.450000,85.720019,85.720019,0.000000,0.000000,0.000000,0.000000,85.720019
1523213240.500000,43.739983,43.739983,0.000000,0.000000,0.000000,0.000000,43.739983
1523213240.550000,36.840030,36.840030,0.000000,0.000000,0.000000,0.000000,36.840030
1523213240.600000,86.680009,86.680009,0.000000,0.000000,0.000000,0.000000,86.680009
1523213240.650000,85.859992,85.859992,0.000000,0.000000,0.000000,0.000000,85.859992
1523213240.700000,84.119949,84.119949,0.000000,0.000000,0.000000,0.000000,84.119949
1523213240.750000,80.360019,80.360019,0.000000,0.000000,0.000000,0.000000,80.360019
1523213240.800000,66.139999,66.139999,0.000000,0.000000,0.000000,0.000000,66.139999
1523213240.850000,47.800035,47.800035,0.000000,0.000000,0.000000,0.000000,47.800035
1523213240.900000,45.299988,45.299988,0.000000,0.000000,0.000000,0.000000,45.299988
1523213240.950000,70.899997,70.899997,0.000000,0.000000,0.000000,0.000000,70.899997
1523213241.000000,65.840001,65.840001,0.000000,0.000000,0.000000,0.000000,65.840001
1523213241.050000,33.660004,33.660004,0.000000,0.000000,0.000000,0.000000,33.660004
1523213241.100000,47.880044,47.880044,0.000000,0.000000,0.000000,0.000000,47.880044
1523213241.150000,67.320008,67.320008,0.000000,0.000000,0.000000,0.000000,67.320008
1523213241.200000,81.440005,81.440005,0.000000,0.000000,0.000000,0.000000,81.440005
1523213241.250000,74.440005,74.440005,0.000000,0.000000,0.000000,0.000000,74.440005
1523213241.300000,66.819990,66.819990,0.000000,0.000000,0.000000,0.000000,66.819990
1523213241.350000,45.839996,45.839996,0.000000,0.000000,0.000000,0.000000,45.839996
1523213241.400000,43.179964,43.179964,0.000000,0.000000,0.000000,0.000000,43.179964
1523213241.450000,60.000016,60.000016,0.000000,0.000000,0.000000,0.000000,60.000016
1523213241.500000,86.020011,86.020011,0.000000,0.000000,0.000000,0.000000,86.020011
1523213241.550000,74.640016,74.640016,0.000000,0.000000,0.000000,0.000000,74.640016
1523213241.600000,47.980012,47.980012,0.000000,0.000000,0.000000,0.000000,47.980012
1523213241.650000,40.659945,40.659945,0.000000,0.000000,0.000000,0.000000,40.659945
1523213241.700000,54.680002,54.680002,0.000000,0.000000,0.000000,0.000000,54.680002
1523213241.750000,61.400017,61.400017,0.000000,0.000000,0.000000,0.000000,61.400017
1523213241.800000,49.579970,49.579970,0.000000,0.000000,0.000000,0.000000,49.579970
1523213241.850000,67.500040,67.500040,0.000000,0.000000,0.000000,0.000000,67.500040
1523213241.900000,82.820003,82.820003,0.000000,0.000000,0.000000,0.000000,82.820003
1523213241.950000,86.879970,86.879970,0.000000,0.000000,0.000000,0.000000,86.879970
1523213242.000000,85.420031,85.420031,0.000000,0.000000,0.000000,0.000000,85.420031
1523213242.050000,76.419995,76.419995,0.000000,0.000000,0.000000,0.000000,76.419995
1523213242.100000,66.299973,66.299973,0.000000,0.000000,0.000000,0.000000,66.299973
1523213242.150000,75.300055,75.300055,0.000000,0.000000,0.000000,0.000000,75.300055
1523213242.200000,77.100003,77.100003,0.000000,0.000000,0.000000,0.000000,77.100003
1523213242.250000,66.160068,66.160068,0.000000,0.000000,0.000000,0.000000,66.160068
1523213242.300000,69.480026,69.480026,0.000000,0.000000,0.000000,0.000000,69.480026
1523213242.350000,70.420040,70.420040,0.000000,0.000000,0.000000,0.000000,70.420040
1523213242.400000,31.459986,31.459986,0.000000,0.000000,0.000000,0.000000,31.459986
1523213242.450000,46.280006,46.280006,0.000000,0.000000,0.000000,0.000000,46.280006
1523213242.500000,79.680002,79.680002,0.000000,0.000000,0.000000,0.000000,79.680002
1523213242.550000,83.460050,83.460050,0.000000,0.000000,0.000000,0.000000,83.460050
1523213242.600000,83.599964,83.599964,0.000000,0.000000,0.000000,0.000000,83.599964
1523213242.650000,80.020015,80.020015,0.000000,0.000000,0.000000,0.000000,80.020015
1523213242.700000,86.380021,86.380021,0.000000,0.000000,0.000000,0.000000,86.380021
1523213242.750000,81.059957,81.059957,0.000000,0.000000,0.000000,0.000000,81.059957
1523213242.800000,64.379988,64.379988,0.000000,0.000000,0.000000,0.000000,64.379988
1523213242.850000,87.379969,87.379969,0.000000,0.000000,0.000000,0.000000,87.379969
1523213242.900000,87.980001,87.980001,0.000000,0.000000,0.000000,0.000000,87.980001
1523213242.950000,65.100036,65.100036,0.000000,0.000000,0.000000,0.000000,65.100036
1523213243.000000,74.260005,74.260005,0.000000,0.000000,0.000000,0.000000,74.260005
1523213243.050000,81.380028,81.380028,0.000000,0.000000,0.000000,0.000000,81.380028
1523213243.100000,76.339952,76.339952,0.000000,0.000000,0.000000,0.000000,76.339952
1523213243.150000,70.600003,70.600003,0.000000,0.000000,0.000000,0.000000,70.600003
1523213243.200000,59.819971,59.819971,0.000000,0.000000,0.000000,0.000000,59.819971
1523213243.250000,84.340028,84.340028,0.000000,0.000000,0.000000,0.000000,84.340028
1523213243.300000,87.359980,87.359980,0.000000,0.000000,0.000000,0.000000,87.359980
1523213243.350000,83.259981,83.259981,0.000000,0.000000,0.000000,0.000000,83.259981
1523213243.400000,75.859967,75.859967,0.000000,0.000000,0.000000,0.000000,75.859967
1523213243.450000,70.159968,70.159968,0.000000,0.000000,0.000000,0.000000,70.159968
1523213243.500000,58.599981,58.599981,0.000000,0.000000,0.000000,0.000000,58.599981
1523213243.550000,33.460032,33.460032,0.000000,0.000000,0.000000,0.000000,33.460032
1523213243.600000,46.140050,46.140050,0.000000,0.000000,0.000000,0.000000,46.140050
1523213243.650000,44.180004,44.180004,0.000000,0.000000,0.000000,0.000000,44.180004
1523213243.700000,39.160006,39.160006,0.000000,0.000000,0.000000,0.000000,39.160006
1523213243.750000,72.279995,72.279995,0.000000,0.000000,0.000000,0.000000,72.279995
1523213243.800000,83.979966,83.979966,0.000000,0.000000,0.000000,0.000000,83.979966
1523213243.850000,88.060001,88.060001,0.000000,0.000000,0.000000,0.000000,88.060001
1523213243.900000,88.839989,88.839989,0.000000,0.000000,0.000000,0.000000,88.839989
1523213243.950000,86.879991,86.879991,0.000000,0.000000,0.000000,0.000000,86.879991
1523213244.000000,83.160033,83.160033,0.000000,0.000000,0.000000,0.000000,83.160033
1523213244.050000,84.460030,84.460030,0.000000,0.000000,0.000000,0.000000,84.460030
1523213244.100000,77.980000,77.980000,0.000000,0.000000,0.000000,0.000000,77.980000
1523213244.150000,66.479993,66.479993,0.000000,0.000000,0.000000,0.000000,66.479993
1523213244.200000,67.899977,67.899977,0.000000,0.000000,0.000000,0.000000,67.899977
1523213244.250000,57.719984,57.719984,0.000000,0.000000,0.000000,0.000000,57.719984
1523213244.300000,43.300006,43.300006,0.000000,0.000000,0.000000,0.000000,43.300006
1523213244.350000,46.660045,46.660045,0.000000,0.000000,0.000000,0.000000,46.660045
1523213244.400000,33.739965,33.739965,0.000000,0.000000,0.000000,0.000000,33.739965
1523213244.450000,25.600009,25.600009,0.000000,0.000000,0.000000,0.000000,25.600009
1523213244.500000,34.999993,34.999993,0.000000,0.000000,0.000000,0.000000,34.999993
1523213244.550000,48.919962,48.919962,0.000000,0.000000,0.000000,0.000000,48.919962
1523213244.600000,79.379999,79.379999,0.000000,0.000000,0.000000,0.000000,79.379999
1523213244.650000,82.740029,82.740029,0.000000,0.000000,0.000000,0.000000,82.740029
1523213244.700000,88.379998,88.379998,0.000000,0.000000,0.000000,0.000000,88.379998
1523213244.750000,78.179981,78.179981,0.000000,0.000000,0.000000,0.000000,78.179981
1523213244.800000,67.720043,67.720043,0.000000,0.000000,0.000000,0.000000,67.720043
1523213244.850000,67.780029,67.780029,0.000000,0.000000,0.000000,0.000000,67.780029
1523213244.900000,80.220010,80.220010,0.000000,0.000000,0.000000,0.000000,80.220010
1523213244.950000,86.619986,86.619986,0.000000,0.000000,0.000000,0.000000,86.619986
1523213245.000000,84.480012,84.480012,0.000000,0.000000,0.000000,0.000000,84.480012
1523213245.050000,73.480016,73.480016,0.000000,0.000000,0.000000,0.000000,73.480016
1523213245.100000,62.680010,62.680010,0.000000,0.000000,0.000000,0.000000,62.680010
1523213245.150000,82.060012,82.060012,0.000000,0.000000,0.000000,0.000000,82.060012
1523213245.200000,61.280025,61.280025,0.000000,0.000000,0.000000,0.000000,61.280025
1523213245.250000,51.339944,51.339944,0.000000,0.000000,0.000000,0.000000,51.339944
1523213245.300000,56.779981,56.779981,0.000000,0.000000,0.000000,0.000000,56.779981
1523213245.350000,82.880065,82.880065,0.000000,0.000000,0.000000,0.000000,82.880065
1523213245.400000,80.339994,80.339994,0.000000,0.000000,0.000000,0.000000,80.339994
1523213245.450000,83.840050,83.840050,0.000000,0.000000,0.000000,0.000000,83.840050
1523213245.500000,85.240032,85.240032,0.000000,0.000000,0.000000,0.000000,85.240032
1523213245.550000,77.180064,77.180064,0.000000,0.000000,0.000000,0.000000,77.180064
1523213245.600000,77.920034,77.920034,0.000000,0.000000,0.000000,0.000000,77.920034
1523213245.650000,81.399949,81.399949,0.000000,0.000000,0.000000,0.000000,81.399949
1523213245.700000,86.220015,86.220015,0.000000,0.000000,0.000000,0.000000,86.220015
1523213245.750000,87.999977,87.999977,0.000000,0.000000,0.000000,0.000000,87.999977
1523213245.800000,87.099972,87.099972,0.000000,0.000000,0.000000,0.000000,87.099972
1523213245.850000,77.179974,77.179974,0.000000,0.000000,0.000000,0.000000,77.179974
1523213245.900000,80.219991,80.219991,0.000000,0.000000,0.000000,0.000000,80.219991
1523213245.950000,75.419971,75.419971,0.000000,0.000000,0.000000,0.000000,75.419971
1523213246.000000,73.960009,73.960009,0.000000,0.000000,0.000000,0.000000,73.960009
1523213246.050000,43.159967,43.159967,0.000000,0.000000,0.000000,0.000000,43.159967
1523213246.100000,60.680007,60.680007,0.000000,0.000000,0.000000,0.000000,60.680007
1523213246.150000,62.959952,62.959952,0.000000,0.000000,0.000000,0.000000,62.959952
1523213246.200000,70.120036,70.120036,0.000000,0.000000,0.000000,0.000000,70.120036
1523213246.250000,86.899991,86.899991,0.000000,0.000000,0.000000,0.000000,86.899991
1523213246.300000,74.940037,74.940037,0.000000,0.000000,0.000000,0.000000,74.940037
1523213246.350000,56.999978,56.999978,0.000000,0.000000,0.000000,0.000000,56.999978
1523213246.400000,58.159930,58.159930,0.000000,0.000000,0.000000,0.000000,58.159930
1523213246.450000,59.099995,59.099995,0.000000,0.000000,0.000000,0.000000,59.099995
1523213246.500000,41.219979,41.219979,0.000000,0.000000,0.000000,0.000000,41.219979
1523213246.550000,55.660007,55.660007,0.000000,0.000000,0.000000,0.000000,55.660007
1523213246.600000,72.939993,72.939993,0.000000,0.000000,0.000000,0.000000,72.939993
1523213246.650000,80.739981,80.739981,0.000000,0.000000,0.000000,0.000000,80.739981
1523213246.700000,68.960042,68.960042,0.000000,0.000000,0.000000,0.000000,68.960042
1523213246.750000,84.040039,84.040039,0.000000,0.000000,0.000000,0.000000,84.040039
1523213246.800000,78.259963,78.259963,0.000000,0.000000,0.000000,0.000000,78.259963
1523213246.850000,80.259934,80.259934,0.000000,0.000000,0.000000,0.000000,80.259934
1523213246.900000,70.920014,70.920014,0.000000,0.000000,0.000000,0.000000,70.920014
1523213246.950000,59.179996,59.179996,0.000000,0.000000,0.000000,0.000000,59.179996
1523213247.000000,82.340026,82.340026,0.000000,0.000000,0.000000,0.000000,82.340026
1523213247.050000,82.140027,82.140027,0.000000,0.000000,0.000000,0.000000,82.140027
1523213247.100000,77.520027,77.520027,0.000000,0.000000,0.000000,0.000000,77.520027
1523213247.150000,63.099971,63.099971,0.000000,0.000000,0.000000,0.000000,63.099971
1523213247.200000,46.160007,46.160007,0.000000,0.000000,0.000000,0.000000,46.160007
1523213247.250000,84.960002,84.960002,0.000000,0.000000,0.000000,0.000000,84.960002
1523213247.300000,84.160008,84.160008,0.000000,0.000000,0.000000,0.000000,84.160008
1523213247.350000,76.299998,76.299998,0.000000,0.000000,0.000000,0.000000,76.299998
1523213247.400000,59.860024,59.860024,0.000000,0.000000,0.000000,0.000000,59.860024
1523213247.450000,49.060040,49.060040,0.000000,0.000000,0.000000,0.000000,49.060040
1523213247.500000,44.599946,44.599946,0.000000,0.000000,0.000000,0.000000,44.599946
1523213247.550000,62.519990,62.519990,0.000000,0.000000,0.000000,0.000000,62.519990
1523213247.600000,78.120004,78.120004,0.000000,0.000000,0.000000,0.000000,78.120004
1523213247.650000,64.439973,64.439973,0.000000,0.000000,0.000000,0.000000,64.439973
1523213247.700000,51.119996,51.119996,0.000000,0.000000,0.000000,0.000000,51.119996
1523213247.750000,34.539966,34.539966,0.000000,0.000000,0.000000,0.000000,34.539966
1523213247.800000,77.759993,77.759993,0.000000,0.000000,0.000000,0.000000,77.759993
1523213247.850000,83.520055,83.520055,0.000000,0.000000,0.000000,0.000000,83.520055
1523213247.900000,84.079940,84.079940,0.000000,0.000000,0.000000,0.000000,84.079940
1523213247.950000,80.379976,80.379976,0.000000,0.000000,0.000000,0.000000,80.379976
1523213248.000000,74.459990,74.459990,0.000000,0.000000,0.000000,0.000000,74.459990
1523213248.050000,62.020009,62.020009,0.000000,0.000000,0.000000,0.000000,62.020009
1523213248.100000,55.479957,55.479957,0.000000,0.000000,0.000000,0.000000,55.479957
1523213248.150000,54.020006,54.020006,0.000000,0.000000,0.000000,0.000000,54.020006
1523213248.200000,85.619987,85.619987,0.000000,0.000000,0.000000,0.000000,85.619987
1523213248.250000,84.360023,84.360023,0.000000,0.000000,0.000000,0.000000,84.360023
1523213248.300000,71.680037,71.680037,0.000000,0.000000,0.000000,0.000000,71.680037
1523213248.350000,54.680027,54.680027,0.000000,0.000000,0.000000,0.000000,54.680027
1523213248.400000,44.239989,44.239989,0.000000,0.000000,0.000000,0.000000,44.239989
1523213248.450000,45.599973,45.599973,0.000000,0.000000,0.000000,0.000000,45.599973
1523213248.500000,60.259980,60.259980,0.000000,0.000000,0.000000,0.000000,60.259980
1523213248.550000,83.980014,83.980014,0.000000,0.000000,0.000000,0.000000,83.980014
1523213248.600000,79.920012,79.920012,0.000000,0.000000,0.000000,0.000000,79.920012
1523213248.650000,57.959985,57.959985,0.000000,0.000000,0.000000,0.000000,57.959985
1523213248.700000,37.600008,37.600008,0.000000,0.000000,0.000000,0.000000,37.600008
1523213248.750000,32.160021,32.160021,0.000000,0.000000,0.000000,0.000000,32.160021
1523213248.800000,44.660031,44.660031,0.000000,0.000000,0.000000,0.000000,44.660031
1523213248.850000,62.560019,62.560019,0.000000,0.000000,0.000000,0.000000,62.560019
1523213248.900000,77.620043,77.620043,0.000000,0.000000,0.000000,0.000000,77.620043
1523213248.950000,63.139992,63.139992,0.000000,0.000000,0.000000,0.000000,63.139992
1523213249.000000,55.680029,55.680029,0.000000,0.000000,0.000000,0.000000,55.680029
1523213249.050000,54.080006,54.080006,0.000000,0.000000,0.000000,0.000000,54.080006
1523213249.100000,54.499954,54.499954,0.000000,0.000000,0.000000,0.000000,54.499954
1523213249.150000,57.499969,57.499969,0.000000,0.000000,0.000000,0.000000,57.499969
1523213249.200000,28.519987,28.519987,0.000000,0.000000,0.000000,0.000000,28.519987
1523213249.250000,53.600033,53.600033,0.000000,0.000000,0.000000,0.000000,53.600033
1523213249.300000,67.139955,67.139955,0.000000,0.000000,0.000000,0.000000,67.139955
1523213249.350000,50.220001,50.220001,0.000000,0.000000,0.000000,0.000000,50.220001
1523213249.400000,73.320016,73.320016,0.000000,0.000000,0.000000,0.000000,73.320016
1523213249.450000,64.300012,64.300012,0.000000,0.000000,0.000000,0.000000,64.300012
1523213249.500000,57.279960,57.279960,0.000000,0.000000,0.000000,0.000000,57.279960
1523213249.550000,48.180003,48.180003,0.000000,0.000000,0.000000,0.000000,48.180003
1523213249.600000,46.200027,46.200027,0.000000,0.000000,0.000000,0.000000,46.200027
1523213249.650000,85.120012,85.120012,0.000000,0.000000,0.000000,0.000000,85.120012
1523213249.700000,87.160012,87.160012,0.000000,0.000000,0.000000,0.000000,87.160012
1523213249.750000,85.159978,85.159978,0.000000,0.000000,0.000000,0.000000,85.159978
1523213249.800000,84.319958,84.319958,0.000000,0.000000,0.000000,0.000000,84.319958
1523213249.850000,78.200053,78.200053,0.000000,0.000000,0.000000,0.000000,78.200053
1523213249.900000,77.159950,77.159950,0.000000,0.000000,0.000000,0.000000,77.159950
1523213249.950000,77.920041,77.920041,0.000000,0.000000,0.000000,0.000000,77.920041
1523213250.000000,80.300028,80.300028,0.000000,0.000000,0.000000,0.000000,80.300028
1523213250.050000,83.339971,83.339971,0.000000,0.000000,0.000000,0.000000,83.339971
1523213250.100000,82.279958,82.279958,0.000000,0.000000,0.000000,0.000000,82.279958
1523213250.150000,65.200010,65.200010,0.000000,0.000000,0.000000,0.000000,65.200010
1523213250.200000,77.619994,77.619994,0.000000,0.000000,0.000000,0.000000,77.619994
1523213250.250000,76.620015,76.620015,0.000000,0.000000,0.000000,0.000000,76.620015
1523213250.300000,83.540058,83.540058,0.000000,0.000000,0.000000,0.000000,83.540058
1523213250.350000,78.620011,78.620011,0.000000,0.000000,0.000000,0.000000,78.620011
1523213250.400000,75.819992,75.819992,0.000000,0.000000,0.000000,0.000000,75.819992
1523213250.450000,85.459966,85.459966,0.000000,0.000000,0.000000,0.000000,85.459966
1523213250.500000,87.280042,87.280042,0.000000,0.000000,0.000000,0.000000,87.280042
1523213250.550000,67.820011,67.820011,0.000000,0.000000,0.000000,0.000000,67.820011
1523213250.600000,63.620017,63.620017,0.000000,0.000000,0.000000,0.000000,63.620017
1523213250.650000,67.739919,67.739919,0.000000,0.000000,0.000000,0.000000,67.739919
1523213250.700000,85.460005,85.460005,0.000000,0.000000,0.000000,0.000000,85.460005
1523213250.750000,85.880001,85.880001,0.000000,0.000000,0.000000,0.000000,85.880001
1523213250.800000,83.800034,83.800034,0.000000,0.000000,0.000000,0.000000,83.800034
1523213250.850000,71.080040,71.080040,0.000000,0.000000,0.000000,0.000000,71.080040
1523213250.900000,56.039967,56.039967,0.000000,0.000000,0.000000,0.000000,56.039967
1523213250.950000,56.739979,56.739979,0.000000,0.000000,0.000000,0.000000,56.739979
1523213251.000000,86.079984,86.079984,0.000000,0.000000,0.000000,0.000000,86.079984
1523213251.050000,79.060020,79.060020,0.000000,0.000000,0.000000,0.000000,79.060020
1523213251.100000,59.580019,59.580019,0.000000,0.000000,0.000000,0.000000,59.580019
1523213251.150000,44.340028,44.340028,0.000000,0.000000,0.000000,0.000000,44.340028
1523213251.200000,55.720053,55.720053,0.000000,0.000000,0.000000,0.000000,55.720053
1523213251.250000,54.959991,54.959991,0.000000,0.000000,0.000000,0.000000,54.959991
1523213251.300000,68.439986,68.439986,0.000000,0.000000,0.000000,0.000000,68.439986
1523213251.350000,59.240005,59.240005,0.000000,0.000000,0.000000,0.000000,59.240005
1523213251.400000,64.999983,64.999983,0.000000,0.000000,0.000000,0.000000,64.999983
1523213251.450000,62.239975,62.239975,0.000000,0.000000,0.000000,0.000000,62.239975
1523213251.500000,33.319999,33.319999,0.000000,0.000000,0.000000,0.000000,33.319999
1523213251.550000,46.980041,46.980041,0.000000,0.000000,0.000000,0.000000,46.980041
1523213251.600000,72.380027,72.380027,0.000000,0.000000,0.000000,0.000000,72.380027
1523213251.650000,70.219978,70.219978,0.000000,0.000000,0.000000,0.000000,70.219978
1523213251.700000,84.520006,84.520006,0.000000,0.000000,0.000000,0.000000,84.520006
1523213251.750000,57.639985,57.639985,0.000000,0.000000,0.000000,0.000000,57.639985
1523213251.800000,40.060049,40.060049,0.000000,0.000000,0.000000,0.000000,40.060049
1523213251.850000,53.379961,53.379961,0.000000,0.000000,0.000000,0.000000,53.379961
1523213251.900000,45.720039,45.720039,0.000000,0.000000,0.000000,0.000000,45.720039
1523213251.950000,43.659985,43.659985,0.000000,0.000000,0.000000,0.000000,43.659985
1523213252.000000,16.020001,16.020001,0.000000,0.000000,0.000000,0.000000,16.020001
1523213252.050000,27.040022,27.040022,0.000000,0.000000,0.000000,0.000000,27.040022
1523213252.100000,77.460001,77.460001,0.000000,0.000000,0.000000,0.000000,77.460001
1523213252.150000,82.960021,82.960021,0.000000,0.000000,0.000000,0.000000,82.960021
1523213252.200000,72.539989,72.539989,0.000000,0.000000,0.000000,0.000000,72.539989
1523213252.250000,70.759995,70.759995,0.000000,0.000000,0.000000,0.000000,70.759995
1523213252.300000,55.880035,55.880035,0.000000,0.000000,0.000000,0.000000,55.880035
1523213252.350000,35.359962,35.359962,0.000000,0.000000,0.000000,0.000000,35.359962
1523213252.400000,39.839989,39.839989,0.000000,0.000000,0.000000,0.000000,39.839989
1523213252.450000,62.020044,62.020044,0.000000,0.000000,0.000000,0.000000,62.020044
1523213252.500000,58.640013,58.640013,0.000000,0.000000,0.000000,0.000000,58.640013
1523213252.550000,76.960017,76.960017,0.000000,0.000000,0.000000,0.000000,76.960017
1523213252.600000,54.659997,54.659997,0.000000,0.000000,0.000000,0.000000,54.659997
1523213252.650000,52.479984,52.479984,0.000000,0.000000,0.000000,0.000000,52.479984
1523213252.700000,68.740054,68.740054,0.000000,0.000000,0.000000,0.000000,68.740054
1523213252.750000,84.700017,84.700017,0.000000,0.000000,0.000000,0.000000,84.700017
1523213252.800000,88.379970,88.379970,0.000000,0.000000,0.000000,0.000000,88.379970
1523213252.850000,82.079981,82.079981,0.000000,0.000000,0.000000,0.000000,82.079981
1523213252.900000,46.600009,46.600009,0.000000,0.000000,0.000000,0.000000,46.600009
1523213252.950000,79.599994,79.599994,0.000000,0.000000,0.000000,0.000000,79.599994
1523213253.000000,83.320018,83.320018,0.000000,0.000000,0.000000,0.000000,83.320018
1523213253.050000,76.480074,76.480074,0.000000,0.000000,0.000000,0.000000,76.480074
1523213253.100000,72.139963,72.139963,0.000000,0.000000,0.000000,0.000000,72.139963
1523213253.150000,83.260043,83.260043,0.000000,0.000000,0.000000,0.000000,83.260043
1523213253.200000,82.379988,82.379988,0.000000,0.000000,0.000000,0.000000,82.379988
1523213253.250000,33.499969,33.499969,0.000000,0.000000,0.000000,0.000000,33.499969
1523213253.300000,45.919991,45.919991,0.000000,0.000000,0.000000,0.000000,45.919991
1523213253.350000,59.579956,59.579956,0.000000,0.000000,0.000000,0.000000,59.579956
1523213253.400000,56.899967,56.899967,0.000000,0.000000,0.000000,0.000000,56.899967
1523213253.450000,81.999976,81.999976,0.000000,0.000000,0.000000,0.000000,81.999976
1523213253.500000,77.360004,77.360004,0.000000,0.000000,0.000000,0.000000,77.360004
1523213253.550000,76.160043,76.160043,0.000000,0.000000,0.000000,0.000000,76.160043
1523213253.600000,64.940039,64.940039,0.000000,0.000000,0.000000,0.000000,64.940039
1523213253.650000,62.860003,62.860003,0.000000,0.000000,0.000000,0.000000,62.860003
1523213253.700000,82.660014,82.660014,0.000000,0.000000,0.000000,0.000000,82.660014
1523213253.750000,67.660003,67.660003,0.000000,0.000000,0.000000,0.000000,67.660003
1523213253.800000,54.699979,54.699979,0.000000,0.000000,0.000000,0.000000,54.699979
1523213253.850000,46.800011,46.800011,0.000000,0.000000,0.000000,0.000000,46.800011
1523213253.900000,40.359991,40.359991,0.000000,0.000000,0.000000,0.000000,40.359991
1523213253.950000,38.119998,38.119998,0.000000,0.000000,0.000000,0.000000,38.119998
1523213254.000000,44.479988,44.479988,0.000000,0.000000,0.000000,0.000000,44.479988
1523213254.050000,34.739959,34.739959,0.000000,0.000000,0.000000,0.000000,34.739959
1523213254.100000,77.860033,77.860033,0.000000,0.000000,0.000000,0.000000,77.860033
1523213254.150000,80.139977,80.139977,0.000000,0.000000,0.000000,0.000000,80.139977
1523213254.200000,49.000015,49.000015,0.000000,0.000000,0.000000,0.000000,49.000015
1523213254.250000,49.160022,49.160022,0.000000,0.000000,0.000000,0.000000,49.160022
1523213254.300000,84.280010,84.280010,0.000000,0.000000,0.000000,0.000000,84.280010
1523213254.350000,87.319960,87.319960,0.000000,0.000000,0.000000,0.000000,87.319960
1523213254.400000,87.719945,87.719945,0.000000,0.000000,0.000000,0.000000,87.719945
1523213254.450000,78.980010,78.980010,0.000000,0.000000,0.000000,0.000000,78.980010
1523213254.500000,69.780040,69.780040,0.000000,0.000000,0.000000,0.000000,69.780040
1523213254.550000,85.660031,85.660031,0.000000,0.000000,0.000000,0.000000,85.660031
1523213254.600000,84.860019,84.860019,0.000000,0.000000,0.000000,0.000000,84.860019
1523213254.650000,86.099970,86.099970,0.000000,0.000000,0.000000,0.000000,86.099970
1523213254.700000,86.019994,86.019994,0.000000,0.000000,0.000000,0.000000,86.019994
1523213254.750000,84.759998,84.759998,0.000000,0.000000,0.000000,0.000000,84.759998
1523213254.800000,85.319961,85.319961,0.000000,0.000000,0.000000,0.000000,85.319961
1523213254.850000,40.799973,40.799973,0.000000,0.000000,0.000000,0.000000,40.799973
1523213254.900000,0.220003,0.220003,0.000000,0.000000,0.000000,0.000000,0.220003
1523213254.950000,0.000000,0.000000,0.000000,0.000000,0.000000,0.000000,0.000000
1523213255.000000,0.000000,0.000000,0.000000,0.000000,0.000000,0.000000,0.000000
1523213255.050000,0.000000,0.000000,0.000000,0.000000,0.000000,0.000000,0.000000
1523213255.100000,0.000000,0.000000,0.000000,0.000000,0.000000,0.000000,0.000000
1523213255.150000,6.840001,6.840001,0.000000,0.000000,0.000000,0.000000,6.840001
1523213255.200000,75.179965,75.179965,0.000000,0.000000,0.000000,0.000000,75.179965
1523213255.250000,86.140017,86.140017,0.000000,0.000000,0.000000,0.000000,86.140017
1523213255.300000,79.539971,79.539971,0.000000,0.000000,0.000000,0.000000,79.539971
1523213255.350000,88.699973,88.699973,0.000000,0.000000,0.000000,0.000000,88.699973
1523213255.400000,85.580001,85.580001,0.000000,0.000000,0.000000,0.000000,85.580001
1523213255.450000,86.779974,86.779974,0.000000,0.000000,0.000000,0.000000,86.779974
1523213255.500000,83.240022,83.240022,0.000000,0.000000,0.000000,0.000000,83.240022
1523213255.550000,87.320008,87.320008,0.000000,0.000000,0.000000,0.000000,87.320008
1523213255.600000,75.420043,75.420043,0.000000,0.000000,0.000000,0.000000,75.420043
1523213255.650000,86.600057,86.600057,0.000000,0.000000,0.000000,0.000000,86.600057
1523213255.700000,84.700027,84.700027,0.000000,0.000000,0.000000,0.000000,84.700027
1523213255.750000,86.519999,86.519999,0.000000,0.000000,0.000000,0.000000,86.519999
1523213255.800000,87.319989,87.319989,0.000000,0.000000,0.000000,0.000000,87.319989
1523213255.850000,85.700027,85.700027,0.000000,0.000000,0.000000,0.000000,85.700027
1523213255.900000,84.699983,84.699983,0.000000,0.000000,0.000000,0.000000,84.699983
1523213255.950000,82.119999,82.119999,0.000000,0.000000,0.000000,0.000000,82.119999
1523213256.000000,77.340044,77.340044,0.000000,0.000000,0.000000,0.000000,77.340044
1523213256.050000,84.139998,84.139998,0.000000,0.000000,0.000000,0.000000,84.139998
1523213256.100000,85.439964,85.439964,0.000000,0.000000,0.000000,0.000000,85.439964
1523213256.150000,89.039999,89.039999,0.000000,0.000000,0.000000,0.000000,89.039999
1523213256.200000,88.279998,88.279998,0.000000,0.000000,0.000000,0.000000,88.279998
1523213256.250000,84.200029,84.200029,0.000000,0.000000,0.000000,0.000000,84.200029
1523213256.300000,87.679978,87.679978,0.000000,0.000000,0.000000,0.000000,87.679978
1523213256.350000,86.979989,86.979989,0.000000,0.000000,0.000000,0.000000,86.979989
1523213256.400000,87.979993,87.979993,0.000000,0.000000,0.000000,0.000000,87.979993
1523213256.450000,85.139959,85.139959,0.000000,0.000000,0.000000,0.000000,85.139959
1523213256.500000,86.199987,86.199987,0.000000,0.000000,0.000000,0.000000,86.199987
1523213256.550000,87.000008,87.000008,0.000000,0.000000,0.000000,0.000000,87.000008
1523213256.600000,88.020005,88.020005,0.000000,0.000000,0.000000,0.000000,88.020005
1523213256.650000,84.719976,84.719976,0.000000,0.000000,0.000000,0.000000,84.719976
1523213256.700000,86.379985,86.379985,0.000000,0.000000,0.000000,0.000000,86.379985
1523213256.750000,87.880010,87.880010,0.000000,0.000000,0.000000,0.000000,87.880010
1523213256.800000,87.960042,87.960042,0.000000,0.000000,0.000000,0.000000,87.960042
1523213256.850000,83.839972,83.839972,0.000000,0.000000,0.000000,0.000000,83.839972
1523213256.900000,86.140024,86.140024,0.000000,0.000000,0.000000,0.000000,86.140024
1523213256.950000,87.920026,87.920026,0.000000,0.000000,0.000000,0.000000,87.920026
1523213257.000000,86.020036,86.020036,0.000000,0.000000,0.000000,0.000000,86.020036
1523213257.050000,82.200080,82.200080,0.000000,0.000000,0.000000,0.000000,82.200080
1523213257.100000,88.319973,88.319973,0.000000,0.000000,0.000000,0.000000,88.319973
1523213257.150000,86.360008,86.360008,0.000000,0.000000,0.000000,0.000000,86.360008
1523213257.200000,87.980041,87.980041,0.000000,0.000000,0.000000,0.000000,87.980041
1523213257.250000,86.999968,86.999968,0.000000,0.000000,0.000000,0.000000,86.999968
1523213257.300000,88.220037,88.220037,0.000000,0.000000,0.000000,0.000000,88.220037
1523213257.350000,89.320027,89.320027,0.000000,0.000000,0.000000,0.000000,89.320027
1523213257.400000,88.639979,88.639979,0.000000,0.000000,0.000000,0.000000,88.639979
1523213257.450000,87.179993,87.179993,0.000000,0.000000,0.000000,0.000000,87.179993
1523213257.500000,87.999998,87.999998,0.000000,0.000000,0.000000,0.000000,87.999998
1523213257.550000,80.600082,80.600082,0.000000,0.000000,0.000000,0.000000,80.600082
1523213257.600000,57.040021,57.040021,0.000000,0.000000,0.000000,0.000000,57.040021
1523213257.650000,88.659990,88.659990,0.000000,0.000000,0.000000,0.000000,88.659990
1523213257.700000,86.399978,86.399978,0.000000,0.000000,0.000000,0.000000,86.399978
1523213257.750000,85.600037,85.600037,0.000000,0.000000,0.000000,0.000000,85.600037
1523213257.800000,88.500012,88.500012,0.000000,0.000000,0.000000,0.000000,88.500012
1523213257.850000,87.279980,87.279980,0.000000,0.000000,0.000000,0.000000,87.279980
1523213257.900000,86.540024,86.540024,0.000000,0.000000,0.000000,0.000000,86.540024
1523213257.950000,87.879980,87.879980,0.000000,0.000000,0.000000,0.000000,87.879980
1523213258.000000,86.080002,86.080002,0.000000,0.000000,0.000000,0.000000,86.080002
1523213258.050000,88.099973,88.099973,0.000000,0.000000,0.000000,0.000000,88.099973
1523213258.100000,87.120024,87.120024,0.000000,0.000000,0.000000,0.000000,87.120024
1523213258.150000,87.079988,87.079988,0.000000,0.000000,0.000000,0.000000,87.079988
1523213258.200000,82.620016,82.620016,0.000000,0.000000,0.000000,0.000000,82.620016
1523213258.250000,88.820027,88.820027,0.000000,0.000000,0.000000,0.000000,88.820027
1523213258.300000,87.899995,87.899995,0.000000,0.000000,0.000000,0.000000,87.899995
1523213258.350000,86.399952,86.399952,0.000000,0.000000,0.000000,0.000000,86.399952
1523213258.400000,88.079962,88.079962,0.000000,0.000000,0.000000,0.000000,88.079962
1523213258.450000,88.739985,88.739985,0.000000,0.000000,0.000000,0.000000,88.739985
1523213258.500000,87.840012,87.840012,0.000000,0.000000,0.000000,0.000000,87.840012
1523213258.550000,88.379997,88.379997,0.000000,0.000000,0.000000,0.000000,88.379997
1523213258.600000,88.940021,88.940021,0.000000,0.000000,0.000000,0.000000,88.940021
1523213258.650000,88.379956,88.379956,0.000000,0.000000,0.000000,0.000000,88.379956
1523213258.700000,88.120009,88.120009,0.000000,0.000000,0.000000,0.000000,88.120009
1523213258.750000,88.040004,88.040004,0.000000,0.000000,0.000000,0.000000,88.040004
1523213258.800000,88.919993,88.919993,0.000000,0.000000,0.000000,0.000000,88.919993
1523213258.850000,84.359980,84.359980,0.000000,0.000000,0.000000,0.000000,84.359980
1523213258.900000,87.399993,87.399993,0.000000,0.000000,0.000000,0.000000,87.399993
1523213258.950000,88.479996,88.479996,0.000000,0.000000,0.000000,0.000000,88.479996
1523213259.000000,88.380030,88.380030,0.000000,0.000000,0.000000,0.000000,88.380030
1523213259.050000,87.639991,87.639991,0.000000,0.000000,0.000000,0.000000,87.639991
1523213259.100000,81.739985,81.739985,0.000000,0.000000,0.000000,0.000000,81.739985
1523213259.150000,84.879982,84.879982,0.000000,0.000000,0.000000,0.000000,84.879982
1523213259.200000,88.639986,88.639986,0.000000,0.000000,0.000000,0.000000,88.639986
1523213259.250000,87.639973,87.639973,0.000000,0.000000,0.000000,0.000000,87.639973
1523213259.300000,85.479975,85.479975,0.000000,0.000000,0.000000,0.000000,85.479975
1523213259.350000,89.259987,89.259987,0.000000,0.000000,0.000000,0.000000,89.259987
1523213259.400000,88.019994,88.019994,0.000000,0.000000,0.000000,0.000000,88.019994
1523213259.450000,87.600019,87.600019,0.000000,0.000000,0.000000,0.000000,87.600019
1523213259.500000,85.439994,85.439994,0.000000,0.000000,0.000000,0.000000,85.439994
1523213259.550000,88.540018,88.540018,0.000000,0.000000,0.000000,0.000000,88.540018
1523213259.600000,88.300028,88.300028,0.000000,0.000000,0.000000,0.000000,88.300028
1523213259.650000,87.379974,87.379974,0.000000,0.000000,0.000000,0.000000,87.379974
1523213259.700000,87.580000,87.580000,0.000000,0.000000,0.000000,0.000000,87.580000
1523213259.750000,88.560017,88.560017,0.000000,0.000000,0.000000,0.000000,88.560017
1523213259.800000,86.820027,86.820027,0.000000,0.000000,0.000000,0.000000,86.820027
1523213259.850000,87.479967,87.479967,0.000000,0.000000,0.000000,0.000000,87.479967
1523213259.900000,86.599969,86.599969,0.000000,0.000000,0.000000,0.000000,86.599969
1523213259.950000,87.319970,87.319970,0.000000,0.000000,0.000000,0.000000,87.319970
1523213260.000000,89.640007,89.640007,0.000000,0.000000,0.000000,0.000000,89.640007
1523213260.050000,89.820011,89.820011,0.000000,0.000000,0.000000,0.000000,89.820011
1523213260.100000,89.780004,89.780004,0.000000,0.000000,0.000000,0.000000,89.780004
1523213260.150000,89.520004,89.520004,0.000000,0.000000,0.000000,0.000000,89.520004
1523213260.200000,89.840013,89.840013,0.000000,0.000000,0.000000,0.000000,89.840013
1523213260.250000,89.020004,89.020004,0.000000,0.000000,0.000000,0.000000,89.020004
1523213260.300000,88.240057,88.240057,0.000000,0.000000,0.000000,0.000000,88.240057
1523213260.350000,89.000003,89.000003,0.000000,0.000000,0.000000,0.000000,89.000003
1523213260.400000,88.519989,88.519989,0.000000,0.000000,0.000000,0.000000,88.519989
1523213260.450000,86.899954,86.899954,0.000000,0.000000,0.000000,0.000000,86.899954
1523213260.500000,89.339992,89.339992,0.000000,0.000000,0.000000,0.000000,89.339992
1523213260.550000,87.240044,87.240044,0.000000,0.000000,0.000000,0.000000,87.240044
1523213260.600000,88.919979,88.919979,0.000000,0.000000,0.000000,0.000000,88.919979
1523213260.650000,89.020033,89.020033,0.000000,0.000000,0.000000,0.000000,89.020033
1523213260.700000,88.559998,88.559998,0.000000,0.000000,0.000000,0.000000,88.559998
1523213260.750000,88.799993,88.799993,0.000000,0.000000,0.000000,0.000000,88.799993
1523213260.800000,88.620011,88.620011,0.000000,0.000000,0.000000,0.000000,88.620011
1523213260.850000,88.980017,88.980017,0.000000,0.000000,0.000000,0.000000,88.980017
1523213260.900000,83.559992,83.559992,0.000000,0.000000,0.000000,0.000000,83.559992
1523213260.950000,89.299963,89.299963,0.000000,0.000000,0.000000,0.000000,89.299963
1523213261.000000,88.279985,88.279985,0.000000,0.000000,0.000000,0.000000,88.279985
1523213261.050000,87.779965,87.779965,0.000000,0.000000,0.000000,0.000000,87.779965
1523213261.100000,86.279970,86.279970,0.000000,0.000000,0.000000,0.000000,86.279970
1523213261.150000,89.440022,89.440022,0.000000,0.000000,0.000000,0.000000,89.440022
1523213261.200000,88.439998,88.439998,0.000000,0.000000,0.000000,0.000000,88.439998
1523213261.250000,86.320026,86.320026,0.000000,0.000000,0.000000,0.000000,86.320026
1523213261.300000,88.940042,88.940042,0.000000,0.000000,0.000000,0.000000,88.940042
1523213261.350000,88.500020,88.500020,0.000000,0.000000,0.000000,0.000000,88.500020
1523213261.400000,88.799999,88.799999,0.000000,0.000000,0.000000,0.000000,88.799999
1523213261.450000,88.400014,88.400014,0.000000,0.000000,0.000000,0.000000,88.400014
1523213261.500000,89.880002,89.880002,0.000000,0.000000,0.000000,0.000000,89.880002
1523213261.550000,89.799989,89.799989,0.000000,0.000000,0.000000,0.000000,89.799989
1523213261.600000,89.759979,89.759979,0.000000,0.000000,0.000000,0.000000,89.759979
1523213261.650000,88.080027,88.080027,0.000000,0.000000,0.000000,0.000000,88.080027
1523213261.700000,88.120022,88.120022,0.000000,0.000000,0.000000,0.000000,88.120022
1523213261.750000,89.019987,89.019987,0.000000,0.000000,0.000000,0.000000,89.019987
1523213261.800000,89.220057,89.220057,0.000000,0.000000,0.000000,0.000000,89.220057
1523213261.850000,89.779998,89.779998,0.000000,0.000000,0.000000,0.000000,89.779998
1523213261.900000,89.199994,89.199994,0.000000,0.000000,0.000000,0.000000,89.199994
1523213261.950000,88.979973,88.979973,0.000000,0.000000,0.000000,0.000000,88.979973
1523213262.000000,88.759997,88.759997,0.000000,0.000000,0.000000,0.000000,88.759997
1523213262.050000,87.440027,87.440027,0.000000,0.000000,0.000000,0.000000,87.440027
1523213262.100000,88.819978,88.819978,0.000000,0.000000,0.000000,0.000000,88.819978
1523213262.150000,88.420008,88.420008,0.000000,0.000000,0.000000,0.000000,88.420008
1523213262.200000,89.479992,89.479992,0.000000,0.000000,0.000000,0.000000,89.479992
1523213262.250000,89.280004,89.280004,0.000000,0.000000,0.000000,0.000000,89.280004
1523213262.300000,88.560006,88.560006,0.000000,0.000000,0.000000,0.000000,88.560006
1523213262.350000,89.379951,89.379951,0.000000,0.000000,0.000000,0.000000,89.379951
1523213262.400000,88.339999,88.339999,0.000000,0.000000,0.000000,0.000000,88.339999
1523213262.450000,89.159983,89.159983,0.000000,0.000000,0.000000,0.000000,89.159983
1523213262.500000,89.140018,89.140018,0.000000,0.000000,0.000000,0.000000,89.140018
1523213262.550000,89.560007,89.560007,0.000000,0.000000,0.000000,0.000000,89.560007
1523213262.600000,88.380013,88.380013,0.000000,0.000000,0.000000,0.000000,88.380013
1523213262.650000,89.379994,89.379994,0.000000,0.000000,0.000000,0.000000,89.379994
1523213262.700000,89.359974,89.359974,0.000000,0.000000,0.000000,0.000000,89.359974
1523213262.750000,88.739985,88.739985,0.000000,0.000000,0.000000,0.000000,88.739985
1523213262.800000,84.599975,84.599975,0.000000,0.000000,0.000000,0.000000,84.599975
1523213262.850000,88.680001,88.680001,0.000000,0.000000,0.000000,0.000000,88.680001
1523213262.900000,88.500019,88.500019,0.000000,0.000000,0.000000,0.000000,88.500019
1523213262.950000,89.340004,89.340004,0.000000,0.000000,0.000000,0.000000,89.340004
1523213263.000000,87.459996,87.459996,0.000000,0.000000,0.000000,0.000000,87.459996
1523213263.050000,88.920032,88.920032,0.000000,0.000000,0.000000,0.000000,88.920032
1523213263.100000,89.259992,89.259992,0.000000,0.000000,0.000000,0.000000,89.259992
1523213263.150000,89.020008,89.020008,0.000000,0.000000,0.000000,0.000000,89.020008
1523213263.200000,88.000000,88.000000,0.000000,0.000000,0.000000,0.000000,88.000000
1523213263.250000,89.520014,89.520014,0.000000,0.000000,0.000000,0.000000,89.520014
1523213263.300000,88.239993,88.239993,0.000000,0.000000,0.000000,0.000000,88.239993
1523213263.350000,89.719994,89.719994,0.000000,0.000000,0.000000,0.000000,89.719994
1523213263.400000,89.059987,89.059987,0.000000,0.000000,0.000000,0.000000,89.059987
1523213263.450000,88.840003,88.840003,0.000000,0.000000,0.000000,0.000000,88.840003
1523213263.500000,89.179996,89.179996,0.000000,0.000000,0.000000,0.000000,89.179996
1523213263.550000,87.960038,87.960038,0.000000,0.000000,0.000000,0.000000,87.960038
1523213263.600000,88.939980,88.939980,0.000000,0.000000,0.000000,0.000000,88.939980
1523213263.650000,88.980017,88.980017,0.000000,0.000000,0.000000,0.000000,88.980017
1523213263.700000,89.100004,89.100004,0.000000,0.000000,0.000000,0.000000,89.100004
1523213263.750000,89.240014,89.240014,0.000000,0.000000,0.000000,0.000000,89.240014
1523213263.800000,88.940009,88.940009,0.000000,0.000000,0.000000,0.000000,88.940009
1523213263.850000,89.300013,89.300013,0.000000,0.000000,0.000000,0.000000,89.300013
1523213263.900000,89.479983,89.479983,0.000000,0.000000,0.000000,0.000000,89.479983
1523213263.950000,87.879994,87.879994,0.000000,0.000000,0.000000,0.000000,87.879994
1523213264.000000,89.319985,89.319985,0.000000,0.000000,0.000000,0.000000,89.319985
1523213264.050000,89.660005,89.660005,0.000000,0.000000,0.000000,0.000000,89.660005
1523213264.100000,88.679988,88.679988,0.000000,0.000000,0.000000,0.000000,88.679988
1523213264.150000,88.360022,88.360022,0.000000,0.000000,0.000000,0.000000,88.360022
1523213264.200000,89.020007,89.020007,0.000000,0.000000,0.000000,0.000000,89.020007
1523213264.250000,88.419957,88.419957,0.000000,0.000000,0.000000,0.000000,88.419957
1523213264.300000,88.919992,88.919992,0.000000,0.000000,0.000000,0.000000,88.919992
1523213264.350000,88.519957,88.519957,0.000000,0.000000,0.000000,0.000000,88.519957
1523213264.400000,89.259995,89.259995,0.000000,0.000000,0.000000,0.000000,89.259995
1523213264.450000,88.959962,88.959962,0.000000,0.000000,0.000000,0.000000,88.959962
1523213264.500000,89.499987,89.499987,0.000000,0.000000,0.000000,0.000000,89.499987
1523213264.550000,88.839989,88.839989,0.000000,0.000000,0.000000,0.000000,88.839989
1523213264.600000,88.600015,88.600015,0.000000,0.000000,0.000000,0.000000,88.600015
1523213264.650000,88.839976,88.839976,0.000000,0.000000,0.000000,0.000000,88.839976
1523213264.700000,89.019990,89.019990,0.000000,0.000000,0.000000,0.000000,89.019990
1523213264.750000,88.540006,88.540006,0.000000,0.000000,0.000000,0.000000,88.540006
1523213264.800000,88.880031,88.880031,0.000000,0.000000,0.000000,0.000000,88.880031
1523213264.850000,89.159967,89.159967,0.000000,0.000000,0.000000,0.000000,89.159967
1523213264.900000,88.399981,88.399981,0.000000,0.000000,0.000000,0.000000,88.399981
1523213264.950000,89.280016,89.280016,0.000000,0.000000,0.000000,0.000000,89.280016
1523213265.000000,88.720019,88.720019,0.000000,0.000000,0.000000,0.000000,88.720019
1523213265.050000,89.560032,89.560032,0.000000,0.000000,0.000000,0.000000,89.560032
1523213265.100000,89.119957,89.119957,0.000000,0.000000,0.000000,0.000000,89.119957
1523213265.150000,88.179984,88.179984,0.000000,0.000000,0.000000,0.000000,88.179984
1523213265.200000,89.159986,89.159986,0.000000,0.000000,0.000000,0.000000,89.159986
1523213265.250000,88.859970,88.859970,0.000000,0.000000,0.000000,0.000000,88.859970
1523213265.300000,88.660022,88.660022,0.000000,0.000000,0.000000,0.000000,88.660022
1523213265.350000,88.040012,88.040012,0.000000,0.000000,0.000000,0.000000,88.040012
1523213265.400000,88.879994,88.879994,0.000000,0.000000,0.000000,0.000000,88.879994
1523213265.450000,89.199996,89.199996,0.000000,0.000000,0.000000,0.000000,89.199996
1523213265.500000,89.660000,89.660000,0.000000,0.000000,0.000000,0.000000,89.660000
1523213265.550000,88.219978,88.219978,0.000000,0.000000,0.000000,0.000000,88.219978
1523213265.600000,89.220013,89.220013,0.000000,0.000000,0.000000,0.000000,89.220013
1523213265.650000,89.400013,89.400013,0.000000,0.000000,0.000000,0.000000,89.400013
1523213265.700000,89.399962,89.399962,0.000000,0.000000,0.000000,0.000000,89.399962
1523213265.750000,89.579977,89.579977,0.000000,0.000000,0.000000,0.000000,89.579977
1523213265.800000,89.420018,89.420018,0.000000,0.000000,0.000000,0.000000,89.420018
1523213265.850000,89.419992,89.419992,0.000000,0.000000,0.000000,0.000000,89.419992
1523213265.900000,89.459976,89.459976,0.000000,0.000000,0.000000,0.000000,89.459976
1523213265.950000,88.599961,88.599961,0.000000,0.000000,0.000000,0.000000,88.599961
1523213266.000000,89.519981,89.519981,0.000000,0.000000,0.000000,0.000000,89.519981
1523213266.050000,89.099989,89.099989,0.000000,0.000000,0.000000,0.000000,89.099989
1523213266.100000,89.920000,89.920000,0.000000,0.000000,0.000000,0.000000,89.920000
1523213266.150000,88.720000,88.720000,0.000000,0.000000,0.000000,0.000000,88.720000
1523213266.200000,89.799997,89.799997,0.000000,0.000000,0.000000,0.000000,89.799997
1523213266.250000,88.700056,88.700056,0.000000,0.000000,0.000000,0.000000,88.700056
1523213266.300000,88.920016,88.920016,0.000000,0.000000,0.000000,0.000000,88.920016
1523213266.350000,89.679977,89.679977,0.000000,0.000000,0.000000,0.000000,89.679977
1523213266.400000,89.499992,89.499992,0.000000,0.000000,0.000000,0.000000,89.499992
1523213266.450000,88.899982,88.899982,0.000000,0.000000,0.000000,0.000000,88.899982
1523213266.500000,87.999981,87.999981,0.000000,0.000000,0.000000,0.000000,87.999981
1523213266.550000,89.200005,89.200005,0.000000,0.000000,0.000000,0.000000,89.200005
1523213266.600000,89.619967,89.619967,0.000000,0.000000,0.000000,0.000000,89.619967
1523213266.650000,88.559983,88.559983,0.000000,0.000000,0.000000,0.000000,88.559983
1523213266.700000,89.279980,89.279980,0.000000,0.000000,0.000000,0.000000,89.279980
1523213266.750000,88.819994,88.819994,0.000000,0.000000,0.000000,0.000000,88.819994
1523213266.800000,89.159985,89.159985,0.000000,0.000000,0.000000,0.000000,89.159985
1523213266.850000,89.780025,89.780025,0.000000,0.000000,0.000000,0.000000,89.780025
1523213266.900000,89.100009,89.100009,0.000000,0.000000,0.000000,0.000000,89.100009
1523213266.950000,89.380032,89.380032,0.000000,0.000000,0.000000,0.000000,89.380032
1523213267.000000,89.539987,89.539987,0.000000,0.000000,0.000000,0.000000,89.539987
1523213267.050000,89.639977,89.639977,0.000000,0.000000,0.000000,0.000000,89.639977
1523213267.100000,89.439986,89.439986,0.000000,0.000000,0.000000,0.000000,89.439986
1523213267.150000,89.560007,89.560007,0.000000,0.000000,0.000000,0.000000,89.560007
1523213267.200000,79.099977,79.099977,0.000000,0.000000,0.000000,0.000000,79.099977
1523213267.250000,89.919980,89.919980,0.000000,0.000000,0.000000,0.000000,89.919980
1523213267.300000,89.940020,89.940020,0.000000,0.000000,0.000000,0.000000,89.940020
1523213267.350000,88.040000,88.040000,0.000000,0.000000,0.000000,0.000000,88.040000
1523213267.400000,88.260016,88.260016,0.000000,0.000000,0.000000,0.000000,88.260016
1523213267.450000,89.419999,89.419999,0.000000,0.000000,0.000000,0.000000,89.419999
1523213267.500000,88.240021,88.240021,0.000000,0.000000,0.000000,0.000000,88.240021
1523213267.550000,89.140020,89.140020,0.000000,0.000000,0.000000,0.000000,89.140020
1523213267.600000,89.619986,89.619986,0.000000,0.000000,0.000000,0.000000,89.619986
1523213267.650000,89.239987,89.239987,0.000000,0.000000,0.000000,0.000000,89.239987
1523213267.700000,88.779996,88.779996,0.000000,0.000000,0.000000,0.000000,88.779996
1523213267.750000,89.040004,89.040004,0.000000,0.000000,0.000000,0.000000,89.040004
1523213267.800000,88.779999,88.779999,0.000000,0.000000,0.000000,0.000000,88.779999
1523213267.850000,88.780014,88.780014,0.000000,0.000000,0.000000,0.000000,88.780014
1523213267.900000,88.039985,88.039985,0.000000,0.000000,0.000000,0.000000,88.039985
1523213267.950000,87.959967,87.959967,0.000000,0.000000,0.000000,0.000000,87.959967
1523213268.000000,89.219991,89.219991,0.000000,0.000000,0.000000,0.000000,89.219991
1523213268.050000,89.060013,89.060013,0.000000,0.000000,0.000000,0.000000,89.060013
1523213268.100000,89.180020,89.180020,0.000000,0.000000,0.000000,0.000000,89.180020
1523213268.150000,88.800011,88.800011,0.000000,0.000000,0.000000,0.000000,88.800011
1523213268.200000,88.179962,88.179962,0.000000,0.000000,0.000000,0.000000,88.179962
1523213268.250000,81.859985,81.859985,0.000000,0.000000,0.000000,0.000000,81.859985
1523213268.300000,81.019973,81.019973,0.000000,0.000000,0.000000,0.000000,81.019973
1523213268.350000,74.019994,74.019994,0.000000,0.000000,0.000000,0.000000,74.019994
1523213268.400000,73.340014,73.340014,0.000000,0.000000,0.000000,0.000000,73.340014
1523213268.450000,84.179983,84.179983,0.000000,0.000000,0.000000,0.000000,84.179983
1523213268.500000,89.139996,89.139996,0.000000,0.000000,0.000000,0.000000,89.139996
1523213268.550000,89.380032,89.380032,0.000000,0.000000,0.000000,0.000000,89.380032
1523213268.600000,89.019982,89.019982,0.000000,0.000000,0.000000,0.000000,89.019982
1523213268.650000,89.480006,89.480006,0.000000,0.000000,0.000000,0.000000,89.480006
1523213268.700000,89.359977,89.359977,0.000000,0.000000,0.000000,0.000000,89.359977
1523213268.750000,87.599986,87.599986,0.000000,0.000000,0.000000,0.000000,87.599986
1523213268.800000,89.179980,89.179980,0.000000,0.000000,0.000000,0.000000,89.179980
1523213268.850000,89.319993,89.319993,0.000000,0.000000,0.000000,0.000000,89.319993
1523213268.900000,89.700013,89.700013,0.000000,0.000000,0.000000,0.000000,89.700013
1523213268.950000,88.399991,88.399991,0.000000,0.000000,0.000000,0.000000,88.399991
1523213269.000000,89.600007,89.600007,0.000000,0.000000,0.000000,0.000000,89.600007
1523213269.050000,88.759996,88.759996,0.000000,0.000000,0.000000,0.000000,88.759996
1523213269.100000,87.900028,87.900028,0.000000,0.000000,0.000000,0.000000,87.900028
1523213269.150000,88.420002,88.420002,0.000000,0.000000,0.000000,0.000000,88.420002
1523213269.200000,89.139970,89.139970,0.000000,0.000000,0.000000,0.000000,89.139970
1523213269.250000,89.299974,89.299974,0.000000,0.000000,0.000000,0.000000,89.299974
1523213269.300000,88.880025,88.880025,0.000000,0.000000,0.000000,0.000000,88.880025
1523213269.350000,89.060022,89.060022,0.000000,0.000000,0.000000,0.000000,89.060022
1523213269.400000,89.119992,89.119992,0.000000,0.000000,0.000000,0.000000,89.119992
1523213269.450000,88.080010,88.080010,0.000000,0.000000,0.000000,0.000000,88.080010
1523213269.500000,89.340009,89.340009,0.000000,0.000000,0.000000,0.000000,89.340009
1523213269.550000,88.799995,88.799995,0.000000,0.000000,0.000000,0.000000,88.799995
1523213269.600000,88.919986,88.919986,0.000000,0.000000,0.000000,0.000000,88.919986
1523213269.650000,89.340022,89.340022,0.000000,0.000000,0.000000,0.000000,89.340022
1523213269.700000,89.220026,89.220026,0.000000,0.000000,0.000000,0.000000,89.220026
1523213269.750000,88.540014,88.540014,0.000000,0.000000,0.000000,0.000000,88.540014
1523213269.800000,89.099969,89.099969,0.000000,0.000000,0.000000,0.000000,89.099969
1523213269.850000,87.559967,87.559967,0.000000,0.000000,0.000000,0.000000,87.559967
1523213269.900000,89.880005,89.880005,0.000000,0.000000,0.000000,0.000000,89.880005
1523213269.950000,88.820022,88.820022,0.000000,0.000000,0.000000,0.000000,88.820022
1523213270.000000,82.759972,82.759972,0.000000,0.000000,0.000000,0.000000,82.759972
1523213270.050000,89.879972,89.879972,0.000000,0.000000,0.000000,0.000000,89.879972
1523213270.100000,88.960008,88.960008,0.000000,0.000000,0.000000,0.000000,88.960008
1523213270.150000,89.439984,89.439984,0.000000,0.000000,0.000000,0.000000,89.439984
1523213270.200000,89.260015,89.260015,0.000000,0.000000,0.000000,0.000000,89.260015
1523213270.250000,87.019986,87.019986,0.000000,0.000000,0.000000,0.000000,87.019986
1523213270.300000,88.839973,88.839973,0.000000,0.000000,0.000000,0.000000,88.839973
1523213270.350000,89.559996,89.559996,0.000000,0.000000,0.000000,0.000000,89.559996
1523213270.400000,89.799993,89.799993,0.000000,0.000000,0.000000,0.000000,89.799993
1523213270.450000,89.420036,89.420036,0.000000,0.000000,0.000000,0.000000,89.420036
1523213270.500000,89.640025,89.640025,0.000000,0.000000,0.000000,0.000000,89.640025
1523213270.550000,84.620046,84.620046,0.000000,0.000000,0.000000,0.000000,84.620046
1523213270.600000,89.119997,89.119997,0.000000,0.000000,0.000000,0.000000,89.119997
1523213270.650000,89.400031,89.400031,0.000000,0.000000,0.000000,0.000000,89.400031
1523213270.700000,88.680002,88.680002,0.000000,0.000000,0.000000,0.000000,88.680002
1523213270.750000,89.119963,89.119963,0.000000,0.000000,0.000000,0.000000,89.119963
1523213270.800000,89.239966,89.239966,0.000000,0.000000,0.000000,0.000000,89.239966
1523213270.850000,88.859993,88.859993,0.000000,0.000000,0.000000,0.000000,88.859993
1523213270.900000,88.740012,88.740012,0.000000,0.000000,0.000000,0.000000,88.740012
1523213270.950000,88.800010,88.800010,0.000000,0.000000,0.000000,0.000000,88.800010
1523213271.000000,88.859994,88.859994,0.000000,0.000000,0.000000,0.000000,88.859994
1523213271.050000,89.879976,89.879976,0.000000,0.000000,0.000000,0.000000,89.879976
1523213271.100000,88.939995,88.939995,0.000000,0.000000,0.000000,0.000000,88.939995
1523213271.150000,88.340003,88.340003,0.000000,0.000000,0.000000,0.000000,88.340003
1523213271.200000,87.699963,87.699963,0.000000,0.000000,0.000000,0.000000,87.699963
1523213271.250000,79.979931,79.979931,0.000000,0.000000,0.000000,0.000000,79.979931
1523213271.300000,89.420025,89.420025,0.000000,0.000000,0.000000,0.000000,89.420025
1523213271.350000,84.360025,84.360025,0.000000,0.000000,0.000000,0.000000,84.360025
1523213271.400000,88.560004,88.560004,0.000000,0.000000,0.000000,0.000000,88.560004
1523213271.450000,89.740021,89.740021,0.000000,0.000000,0.000000,0.000000,89.740021
1523213271.500000,86.359987,86.359987,0.000000,0.000000,0.000000,0.000000,86.359987
1523213271.550000,89.080016,89.080016,0.000000,0.000000,0.000000,0.000000,89.080016
1523213271.600000,88.559993,88.559993,0.000000,0.000000,0.000000,0.000000,88.559993
1523213271.650000,88.760010,88.760010,0.000000,0.000000,0.000000,0.000000,88.760010
1523213271.700000,88.940003,88.940003,0.000000,0.000000,0.000000,0.000000,88.940003
1523213271.750000,89.760009,89.760009,0.000000,0.000000,0.000000,0.000000,89.760009
1523213271.800000,87.960070,87.960070,0.000000,0.000000,0.000000,0.000000,87.960070
1523213271.850000,88.900008,88.900008,0.000000,0.000000,0.000000,0.000000,88.900008
1523213271.900000,88.780015,88.780015,0.000000,0.000000,0.000000,0.000000,88.780015
1523213271.950000,88.220024,88.220024,0.000000,0.000000,0.000000,0.000000,88.220024
1523213272.000000,88.100019,88.100019,0.000000,0.000000,0.000000,0.000000,88.100019
1523213272.050000,88.600000,88.600000,0.000000,0.000000,0.000000,0.000000,88.600000
1523213272.100000,88.559978,88.559978,0.000000,0.000000,0.000000,0.000000,88.559978
1523213272.150000,89.519985,89.519985,0.000000,0.000000,0.000000,0.000000,89.519985
1523213272.200000,89.479964,89.479964,0.000000,0.000000,0.000000,0.000000,89.479964
1523213272.250000,88.559988,88.559988,0.000000,0.000000,0.000000,0.000000,88.559988
1523213272.300000,89.239995,89.239995,0.000000,0.000000,0.000000,0.000000,89.239995
1523213272.350000,88.500026,88.500026,0.000000,0.000000,0.000000,0.000000,88.500026
1523213272.400000,89.460011,89.460011,0.000000,0.000000,0.000000,0.000000,89.460011
1523213272.450000,88.360008,88.360008,0.000000,0.000000,0.000000,0.000000,88.360008
1523213272.500000,89.160014,89.160014,0.000000,0.000000,0.000000,0.000000,89.160014
1523213272.550000,87.780040,87.780040,0.000000,0.000000,0.000000,0.000000,87.780040
1523213272.600000,88.980011,88.980011,0.000000,0.000000,0.000000,0.000000,88.980011
1523213272.650000,88.739990,88.739990,0.000000,0.000000,0.000000,0.000000,88.739990
1523213272.700000,88.799974,88.799974,0.000000,0.000000,0.000000,0.000000,88.799974
1523213272.750000,89.340002,89.340002,0.000000,0.000000,0.000000,0.000000,89.340002
1523213272.800000,87.899987,87.899987,0.000000,0.000000,0.000000,0.000000,87.899987
1523213272.850000,89.739970,89.739970,0.000000,0.000000,0.000000,0.000000,89.739970
1523213272.900000,88.400039,88.400039,0.000000,0.000000,0.000000,0.000000,88.400039
1523213272.950000,87.319961,87.319961,0.000000,0.000000,0.000000,0.000000,87.319961
1523213273.000000,87.320028,87.320028,0.000000,0.000000,0.000000,0.000000,87.320028
1523213273.050000,88.839987,88.839987,0.000000,0.000000,0.000000,0.000000,88.839987
1523213273.100000,88.979994,88.979994,0.000000,0.000000,0.000000,0.000000,88.979994
1523213273.150000,89.459997,89.459997,0.000000,0.000000,0.000000,0.000000,89.459997
1523213273.200000,89.719992,89.719992,0.000000,0.000000,0.000000,0.000000,89.719992
1523213273.250000,89.500022,89.500022,0.000000,0.000000,0.000000,0.000000,89.500022
1523213273.300000,89.480005,89.480005,0.000000,0.000000,0.000000,0.000000,89.480005
1523213273.350000,89.860011,89.860011,0.000000,0.000000,0.000000,0.000000,89.860011
1523213273.400000,89.420020,89.420020,0.000000,0.000000,0.000000,0.000000,89.420020
1523213273.450000,88.759997,88.759997,0.000000,0.000000,0.000000,0.000000,88.759997
1523213273.500000,89.460004,89.460004,0.000000,0.000000,0.000000,0.000000,89.460004
1523213273.550000,88.259987,88.259987,0.000000,0.000000,0.000000,0.000000,88.259987
1523213273.600000,88.879994,88.879994,0.000000,0.000000,0.000000,0.000000,88.879994
1523213273.650000,87.819959,87.819959,0.000000,0.000000,0.000000,0.000000,87.819959
1523213273.700000,89.680021,89.680021,0.000000,0.000000,0.000000,0.000000,89.680021
1523213273.750000,85.820004,85.820004,0.000000,0.000000,0.000000,0.000000,85.820004
1523213273.800000,89.179976,89.179976,0.000000,0.000000,0.000000,0.000000,89.179976
1523213273.850000,88.399953,88.399953,0.000000,0.000000,0.000000,0.000000,88.399953
1523213273.900000,88.499991,88.499991,0.000000,0.000000,0.000000,0.000000,88.499991
1523213273.950000,85.999976,85.999976,0.000000,0.000000,0.000000,0.000000,85.999976
1523213274.000000,88.380002,88.380002,0.000000,0.000000,0.000000,0.000000,88.380002
1523213274.050000,89.379987,89.379987,0.000000,0.000000,0.000000,0.000000,89.379987
1523213274.100000,89.420001,89.420001,0.000000,0.000000,0.000000,0.000000,89.420001
1523213274.150000,87.880054,87.880054,0.000000,0.000000,0.000000,0.000000,87.880054
1523213274.200000,89.499996,89.499996,0.000000,0.000000,0.000000,0.000000,89.499996
1523213274.250000,88.419951,88.419951,0.000000,0.000000,0.000000,0.000000,88.419951
1523213274.300000,89.220001,89.220001,0.000000,0.000000,0.000000,0.000000,89.220001
1523213274.350000,89.180008,89.180008,0.000000,0.000000,0.000000,0.000000,89.180008
1523213274.400000,89.620006,89.620006,0.000000,0.000000,0.000000,0.000000,89.620006
1523213274.450000,87.639985,87.639985,0.000000,0.000000,0.000000,0.000000,87.639985
1523213274.500000,89.260009,89.260009,0.000000,0.000000,0.000000,0.000000,89.260009
1523213274.550000,88.520059,88.520059,0.000000,0.000000,0.000000,0.000000,88.520059
1523213274.600000,89.219989,89.219989,0.000000,0.000000,0.000000,0.000000,89.219989
1523213274.650000,88.980015,88.980015,0.000000,0.000000,0.000000,0.000000,88.980015
1523213274.700000,89.800021,89.800021,0.000000,0.000000,0.000000,0.000000,89.800021
1523213274.750000,87.920002,87.920002,0.000000,0.000000,0.000000,0.000000,87.920002
1523213274.800000,88.959995,88.959995,0.000000,0.000000,0.000000,0.000000,88.959995
1523213274.850000,89.140006,89.140006,0.000000,0.000000,0.000000,0.000000,89.140006
1523213274.900000,88.400002,88.400002,0.000000,0.000000,0.000000,0.000000,88.400002
1523213274.950000,89.159980,89.159980,0.000000,0.000000,0.000000,0.000000,89.159980
1523213275.000000,87.960008,87.960008,0.000000,0.000000,0.000000,0.000000,87.960008
1523213275.050000,88.780005,88.780005,0.000000,0.000000,0.000000,0.000000,88.780005
1523213275.100000,89.760015,89.760015,0.000000,0.000000,0.000000,0.000000,89.760015
1523213275.150000,89.259993,89.259993,0.000000,0.000000,0.000000,0.000000,89.259993
1523213275.200000,89.140005,89.140005,0.000000,0.000000,0.000000,0.000000,89.140005
1523213275.250000,87.520007,87.520007,0.000000,0.000000,0.000000,0.000000,87.520007
1523213275.300000,89.299974,89.299974,0.000000,0.000000,0.000000,0.000000,89.299974
1523213275.350000,89.499956,89.499956,0.000000,0.000000,0.000000,0.000000,89.499956
1523213275.400000,89.479990,89.479990,0.000000,0.000000,0.000000,0.000000,89.479990
1523213275.450000,89.120010,89.120010,0.000000,0.000000,0.000000,0.000000,89.120010
1523213275.500000,87.420003,87.420003,0.000000,0.000000,0.000000,0.000000,87.420003
1523213275.550000,89.439987,89.439987,0.000000,0.000000,0.000000,0.000000,89.439987
1523213275.600000,89.539969,89.539969,0.000000,0.000000,0.000000,0.000000,89.539969
1523213275.650000,88.440010,88.440010,0.000000,0.000000,0.000000,0.000000,88.440010
1523213275.700000,88.019984,88.019984,0.000000,0.000000,0.000000,0.000000,88.019984
1523213275.750000,89.100030,89.100030,0.000000,0.000000,0.000000,0.000000,89.100030
1523213275.800000,89.380001,89.380001,0.000000,0.000000,0.000000,0.000000,89.380001
1523213275.850000,89.400012,89.400012,0.000000,0.000000,0.000000,0.000000,89.400012
1523213275.900000,89.159989,89.159989,0.000000,0.000000,0.000000,0.000000,89.159989
1523213275.950000,89.619993,89.619993,0.000000,0.000000,0.000000,0.000000,89.619993
1523213276.000000,87.100039,87.100039,0.000000,0.000000,0.000000,0.000000,87.100039
1523213276.050000,89.319948,89.319948,0.000000,0.000000,0.000000,0.000000,89.319948
1523213276.100000,88.100004,88.100004,0.000000,0.000000,0.000000,0.000000,88.100004
1523213276.150000,88.979987,88.979987,0.000000,0.000000,0.000000,0.000000,88.979987
1523213276.200000,82.040022,82.040022,0.000000,0.000000,0.000000,0.000000,82.040022
1523213276.250000,87.100002,87.100002,0.000000,0.000000,0.000000,0.000000,87.100002
1523213276.300000,84.400008,84.400008,0.000000,0.000000,0.000000,0.000000,84.400008
1523213276.350000,89.260036,89.260036,0.000000,0.000000,0.000000,0.000000,89.260036
1523213276.400000,89.139985,89.139985,0.000000,0.000000,0.000000,0.000000,89.139985
1523213276.450000,89.280013,89.280013,0.000000,0.000000,0.000000,0.000000,89.280013
1523213276.500000,87.019977,87.019977,0.000000,0.000000,0.000000,0.000000,87.019977
1523213276.550000,81.739999,81.739999,0.000000,0.000000,0.000000,0.000000,81.739999
1523213276.600000,88.820011,88.820011,0.000000,0.000000,0.000000,0.000000,88.820011
1523213276.650000,88.360036,88.360036,0.000000,0.000000,0.000000,0.000000,88.360036
1523213276.700000,88.620001,88.620001,0.000000,0.000000,0.000000,0.000000,88.620001
1523213276.750000,85.559978,85.559978,0.000000,0.000000,0.000000,0.000000,85.559978
1523213276.800000,89.939998,89.939998,0.000000,0.000000,0.000000,0.000000,89.939998
1523213276.850000,89.799988,89.799988,0.000000,0.000000,0.000000,0.000000,89.799988
1523213276.900000,88.680010,88.680010,0.000000,0.000000,0.000000,0.000000,88.680010
1523213276.950000,88.520020,88.520020,0.000000,0.000000,0.000000,0.000000,88.520020
1523213277.000000,89.279993,89.279993,0.000000,0.000000,0.000000,0.000000,89.279993
1523213277.050000,88.640024,88.640024,0.000000,0.000000,0.000000,0.000000,88.640024
1523213277.100000,88.680000,88.680000,0.000000,0.000000,0.000000,0.000000,88.680000
1523213277.150000,87.680021,87.680021,0.000000,0.000000,0.000000,0.000000,87.680021
1523213277.200000,89.259989,89.259989,0.000000,0.000000,0.000000,0.000000,89.259989
1523213277.250000,89.360006,89.360006,0.000000,0.000000,0.000000,0.000000,89.360006
1523213277.300000,88.600025,88.600025,0.000000,0.000000,0.000000,0.000000,88.600025
1523213277.350000,89.120000,89.120000,0.000000,0.000000,0.000000,0.000000,89.120000
1523213277.400000,89.879986,89.879986,0.000000,0.000000,0.000000,0.000000,89.879986
1523213277.450000,86.620014,86.620014,0.000000,0.000000,0.000000,0.000000,86.620014
1523213277.500000,86.759992,86.759992,0.000000,0.000000,0.000000,0.000000,86.759992
1523213277.550000,88.219993,88.219993,0.000000,0.000000,0.000000,0.000000,88.219993
1523213277.600000,88.780005,88.780005,0.000000,0.000000,0.000000,0.000000,88.780005
1523213277.650000,89.700028,89.700028,0.000000,0.000000,0.000000,0.000000,89.700028
1523213277.700000,89.079974,89.079974,0.000000,0.000000,0.000000,0.000000,89.079974
1523213277.750000,87.779957,87.779957,0.000000,0.000000,0.000000,0.000000,87.779957
1523213277.800000,89.640000,89.640000,0.000000,0.000000,0.000000,0.000000,89.640000
1523213277.850000,88.380007,88.380007,0.000000,0.000000,0.000000,0.000000,88.380007
1523213277.900000,89.420013,89.420013,0.000000,0.000000,0.000000,0.000000,89.420013
1523213277.950000,89.179968,89.179968,0.000000,0.000000,0.000000,0.000000,89.179968
1523213278.000000,87.400001,87.400001,0.000000,0.000000,0.000000,0.000000,87.400001
1523213278.050000,88.520005,88.520005,0.000000,0.000000,0.000000,0.000000,88.520005
1523213278.100000,89.280046,89.280046,0.000000,0.000000,0.000000,0.000000,89.280046
1523213278.150000,87.600008,87.600008,0.000000,0.000000,0.000000,0.000000,87.600008
1523213278.200000,87.679994,87.679994,0.000000,0.000000,0.000000,0.000000,87.679994
1523213278.250000,87.599977,87.599977,0.000000,0.000000,0.000000,0.000000,87.599977
1523213278.300000,87.839984,87.839984,0.000000,0.000000,0.000000,0.000000,87.839984
1523213278.350000,88.460002,88.460002,0.000000,0.000000,0.000000,0.000000,88.460002
1523213278.400000,88.219979,88.219979,0.000000,0.000000,0.000000,0.000000,88.219979
1523213278.450000,89.459999,89.459999,0.000000,0.000000,0.000000,0.000000,89.459999
1523213278.500000,89.320022,89.320022,0.000000,0.000000,0.000000,0.000000,89.320022
1523213278.550000,89.719984,89.719984,0.000000,0.000000,0.000000,0.000000,89.719984
1523213278.600000,89.639995,89.639995,0.000000,0.000000,0.000000,0.000000,89.639995
1523213278.650000,89.420009,89.420009,0.000000,0.000000,0.000000,0.000000,89.420009
1523213278.700000,89.639995,89.639995,0.000000,0.000000,0.000000,0.000000,89.639995
1523213278.750000,89.039974,89.039974,0.000000,0.000000,0.000000,0.000000,89.039974
1523213278.800000,89.600013,89.600013,0.000000,0.000000,0.000000,0.000000,89.600013
1523213278.850000,89.340012,89.340012,0.000000,0.000000,0.000000,0.000000,89.340012
1523213278.900000,89.660007,89.660007,0.000000,0.000000,0.000000,0.000000,89.660007
1523213278.950000,89.340000,89.340000,0.000000,0.000000,0.000000,0.000000,89.340000
1523213279.000000,88.799987,88.799987,0.000000,0.000000,0.000000,0.000000,88.799987
1523213279.050000,89.559990,89.559990,0.000000,0.000000,0.000000,0.000000,89.559990
1523213279.100000,89.359983,89.359983,0.000000,0.000000,0.000000,0.000000,89.359983
1523213279.150000,89.399994,89.399994,0.000000,0.000000,0.000000,0.000000,89.399994
1523213279.200000,87.419974,87.419974,0.000000,0.000000,0.000000,0.000000,87.419974
1523213279.250000,88.979994,88.979994,0.000000,0.000000,0.000000,0.000000,88.979994
1523213279.300000,88.720009,88.720009,0.000000,0.000000,0.000000,0.000000,88.720009
1523213279.350000,89.460022,89.460022,0.000000,0.000000,0.000000,0.000000,89.460022
1523213279.400000,89.699998,89.699998,0.000000,0.000000,0.000000,0.000000,89.699998
1523213279.450000,89.259985,89.259985,0.000000,0.000000,0.000000,0.000000,89.259985
1523213279.500000,89.379991,89.379991,0.000000,0.000000,0.000000,0.000000,89.379991
1523213279.550000,87.660022,87.660022,0.000000,0.000000,0.000000,0.000000,87.660022
1523213279.600000,89.039975,89.039975,0.000000,0.000000,0.000000,0.000000,89.039975
1523213279.650000,89.380015,89.380015,0.000000,0.000000,0.000000,0.000000,89.380015
1523213279.700000,89.220011,89.220011,0.000000,0.000000,0.000000,0.000000,89.220011
1523213279.750000,89.399990,89.399990,0.000000,0.000000,0.000000,0.000000,89.399990
1523213279.800000,88.899995,88.899995,0.000000,0.000000,0.000000,0.000000,88.899995
1523213279.850000,89.499990,89.499990,0.000000,0.000000,0.000000,0.000000,89.499990
1523213279.900000,88.540030,88.540030,0.000000,0.000000,0.000000,0.000000,88.540030
1523213279.950000,88.919983,88.919983,0.000000,0.000000,0.000000,0.000000,88.919983
1523213280.000000,84.619989,84.619989,0.000000,0.000000,0.000000,0.000000,84.619989
1523213280.050000,84.479999,84.479999,0.000000,0.000000,0.000000,0.000000,84.479999
1523213280.100000,87.119956,87.119956,0.000000,0.000000,0.000000,0.000000,87.119956
1523213280.150000,84.799965,84.799965,0.000000,0.000000,0.000000,0.000000,84.799965
1523213280.200000,85.060006,85.060006,0.000000,0.000000,0.000000,0.000000,85.060006
1523213280.250000,84.559991,84.559991,0.000000,0.000000,0.000000,0.000000,84.559991
1523213280.300000,82.079959,82.079959,0.000000,0.000000,0.000000,0.000000,82.079959
1523213280.350000,82.680007,82.680007,0.000000,0.000000,0.000000,0.000000,82.680007
1523213280.400000,89.619990,89.619990,0.000000,0.000000,0.000000,0.000000,89.619990
1523213280.450000,88.860008,88.860008,0.000000,0.000000,0.000000,0.000000,88.860008
1523213280.500000,89.680029,89.680029,0.000000,0.000000,0.000000,0.000000,89.680029
1523213280.550000,87.360029,87.360029,0.000000,0.000000,0.000000,0.000000,87.360029
1523213280.600000,89.459975,89.459975,0.000000,0.000000,0.000000,0.000000,89.459975
1523213280.650000,89.160009,89.160009,0.000000,0.000000,0.000000,0.000000,89.160009
1523213280.700000,89.380001,89.380001,0.000000,0.000000,0.000000,0.000000,89.380001
1523213280.750000,89.659995,89.659995,0.000000,0.000000,0.000000,0.000000,89.659995
1523213280.800000,87.719982,87.719982,0.000000,0.000000,0.000000,0.000000,87.719982
1523213280.850000,89.120006,89.120006,0.000000,0.000000,0.000000,0.000000,89.120006
1523213280.900000,89.819986,89.819986,0.000000,0.000000,0.000000,0.000000,89.819986
1523213280.950000,89.099973,89.099973,0.000000,0.000000,0.000000,0.000000,89.099973
1523213281.000000,88.920006,88.920006,0.000000,0.000000,0.000000,0.000000,88.920006
1523213281.050000,85.899994,85.899994,0.000000,0.000000,0.000000,0.000000,85.899994
1523213281.100000,88.799991,88.799991,0.000000,0.000000,0.000000,0.000000,88.799991
1523213281.150000,87.120028,87.120028,0.000000,0.000000,0.000000,0.000000,87.120028
1523213281.200000,88.699999,88.699999,0.000000,0.000000,0.000000,0.000000,88.699999
1523213281.250000,88.340013,88.340013,0.000000,0.000000,0.000000,0.000000,88.340013
1523213281.300000,88.520015,88.520015,0.000000,0.000000,0.000000,0.000000,88.520015
1523213281.350000,89.060006,89.060006,0.000000,0.000000,0.000000,0.000000,89.060006
1523213281.400000,85.440026,85.440026,0.000000,0.000000,0.000000,0.000000,85.440026
1523213281.450000,87.880016,87.880016,0.000000,0.000000,0.000000,0.000000,87.880016
1523213281.500000,88.660007,88.660007,0.000000,0.000000,0.000000,0.000000,88.660007
1523213281.550000,89.039998,89.039998,0.000000,0.000000,0.000000,0.000000,89.039998
1523213281.600000,89.619976,89.619976,0.000000,0.000000,0.000000,0.000000,89.619976
1523213281.650000,89.859996,89.859996,0.000000,0.000000,0.000000,0.000000,89.859996
1523213281.700000,87.979986,87.979986,0.000000,0.000000,0.000000,0.000000,87.979986
1523213281.750000,88.339983,88.339983,0.000000,0.000000,0.000000,0.000000,88.339983
1523213281.800000,89.040049,89.040049,0.000000,0.000000,0.000000,0.000000,89.040049
1523213281.850000,87.999999,87.999999,0.000000,0.000000,0.000000,0.000000,87.999999
1523213281.900000,88.480007,88.480007,0.000000,0.000000,0.000000,0.000000,88.480007
1523213281.950000,89.700020,89.700020,0.000000,0.000000,0.000000,0.000000,89.700020
1523213282.000000,89.240004,89.240004,0.000000,0.000000,0.000000,0.000000,89.240004
1523213282.050000,88.659986,88.659986,0.000000,0.000000,0.000000,0.000000,88.659986
1523213282.100000,89.119990,89.119990,0.000000,0.000000,0.000000,0.000000,89.119990
1523213282.150000,89.319998,89.319998,0.000000,0.000000,0.000000,0.000000,89.319998
1523213282.200000,89.560006,89.560006,0.000000,0.000000,0.000000,0.000000,89.560006
1523213282.250000,88.460009,88.460009,0.000000,0.000000,0.000000,0.000000,88.460009
1523213282.300000,89.740013,89.740013,0.000000,0.000000,0.000000,0.000000,89.740013
1523213282.350000,89.639998,89.639998,0.000000,0.000000,0.000000,0.000000,89.639998
1523213282.400000,89.079986,89.079986,0.000000,0.000000,0.000000,0.000000,89.079986
1523213282.450000,88.859995,88.859995,0.000000,0.000000,0.000000,0.000000,88.859995
1523213282.500000,89.660007,89.660007,0.000000,0.000000,0.000000,0.000000,89.660007
1523213282.550000,89.220003,89.220003,0.000000,0.000000,0.000000,0.000000,89.220003
1523213282.600000,88.739985,88.739985,0.000000,0.000000,0.000000,0.000000,88.739985
1523213282.650000,89.160014,89.160014,0.000000,0.000000,0.000000,0.000000,89.160014
1523213282.700000,88.679989,88.679989,0.000000,0.000000,0.000000,0.000000,88.679989
1523213282.750000,87.659990,87.659990,0.000000,0.000000,0.000000,0.000000,87.659990
1523213282.800000,89.400015,89.400015,0.000000,0.000000,0.000000,0.000000,89.400015
1523213282.850000,89.419975,89.419975,0.000000,0.000000,0.000000,0.000000,89.419975
1523213282.900000,89.120017,89.120017,0.000000,0.000000,0.000000,0.000000,89.120017
1523213282.950000,87.619983,87.619983,0.000000,0.000000,0.000000,0.000000,87.619983
1523213283.000000,89.819996,89.819996,0.000000,0.000000,0.000000,0.000000,89.819996
1523213283.050000,89.240008,89.240008,0.000000,0.000000,0.000000,0.000000,89.240008
1523213283.100000,88.220016,88.220016,0.000000,0.000000,0.000000,0.000000,88.220016
1523213283.150000,88.339993,88.339993,0.000000,0.000000,0.000000,0.000000,88.339993
1523213283.200000,88.239986,88.239986,0.000000,0.000000,0.000000,0.000000,88.239986
1523213283.250000,88.699998,88.699998,0.000000,0.000000,0.000000,0.000000,88.699998
1523213283.300000,81.419982,81.419982,0.000000,0.000000,0.000000,0.000000,81.419982
1523213283.350000,89.059981,89.059981,0.000000,0.000000,0.000000,0.000000,89.059981
1523213283.400000,89.199987,89.199987,0.000000,0.000000,0.000000,0.000000,89.199987
1523213283.450000,89.619998,89.619998,0.000000,0.000000,0.000000,0.000000,89.619998
1523213283.500000,87.780000,87.780000,0.000000,0.000000,0.000000,0.000000,87.780000
1523213283.550000,89.279997,89.279997,0.000000,0.000000,0.000000,0.000000,89.279997
1523213283.600000,89.280011,89.280011,0.000000,0.000000,0.000000,0.000000,89.280011
1523213283.650000,89.360003,89.360003,0.000000,0.000000,0.000000,0.000000,89.360003
1523213283.700000,88.360019,88.360019,0.000000,0.000000,0.000000,0.000000,88.360019
1523213283.750000,89.459997,89.459997,0.000000,0.000000,0.000000,0.000000,89.459997
1523213283.800000,89.759974,89.759974,0.000000,0.000000,0.000000,0.000000,89.759974
1523213283.850000,89.500020,89.500020,0.000000,0.000000,0.000000,0.000000,89.500020
1523213283.900000,89.460011,89.460011,0.000000,0.000000,0.000000,0.000000,89.460011
1523213283.950000,89.459990,89.459990,0.000000,0.000000,0.000000,0.000000,89.459990
1523213284.000000,89.359969,89.359969,0.000000,0.000000,0.000000,0.000000,89.359969
1523213284.050000,88.919974,88.919974,0.000000,0.000000,0.000000,0.000000,88.919974
1523213284.100000,89.119981,89.119981,0.000000,0.000000,0.000000,0.000000,89.119981
1523213284.150000,89.039997,89.039997,0.000000,0.000000,0.000000,0.000000,89.039997
1523213284.200000,89.200004,89.200004,0.000000,0.000000,0.000000,0.000000,89.200004
1523213284.250000,89.079997,89.079997,0.000000,0.000000,0.000000,0.000000,89.079997
1523213284.300000,89.100020,89.100020,0.000000,0.000000,0.000000,0.000000,89.100020
1523213284.350000,88.579994,88.579994,0.000000,0.000000,0.000000,0.000000,88.579994
1523213284.400000,89.720002,89.720002,0.000000,0.000000,0.000000,0.000000,89.720002
1523213284.450000,88.919997,88.919997,0.000000,0.000000,0.000000,0.000000,88.919997
1523213284.500000,89.840007,89.840007,0.000000,0.000000,0.000000,0.000000,89.840007
1523213284.550000,89.799980,89.799980,0.000000,0.000000,0.000000,0.000000,89.799980
1523213284.600000,89.360011,89.360011,0.000000,0.000000,0.000000,0.000000,89.360011
1523213284.650000,89.200005,89.200005,0.000000,0.000000,0.000000,0.000000,89.200005
1523213284.700000,89.500005,89.500005,0.000000,0.000000,0.000000,0.000000,89.500005
1523213284.750000,89.799998,89.799998,0.000000,0.000000,0.000000,0.000000,89.799998
1523213284.800000,81.679997,81.679997,0.000000,0.000000,0.000000,0.000000,81.679997
1523213284.850000,10.179996,10.179996,0.000000,0.000000,0.000000,0.000000,10.179996
1523213284.900000,2.320014,2.320014,0.000000,0.000000,0.000000,0.000000,2.320014
1523213284.950000,0.000000,0.000000,0.000000,0.000000,0.000000,0.000000,0.000000
1523213285.000000,0.000000,0.000000,0.000000,0.000000,0.000000,0.000000,0.000000
1523213285.050000,0.000000,0.000000,0.000000,0.000000,0.000000,0.000000,0.000000
1523213285.100000,0.000000,0.000000,0.000000,0.000000,0.000000,0.000000,0.000000
1523213285.150000,0.000000,0.000000,0.000000,0.000000,0.000000,0.000000,0.000000
1523213285.200000,0.000000,0.000000,0.000000,0.000000,0.000000,0.000000,0.000000
1523213285.250000,1.020010,1.020010,0.000000,0.000000,0.000000,0.000000,1.020010
1523213285.300000,65.079995,65.079995,0.000000,0.000000,0.000000,0.000000,65.079995
1523213285.350000,89.819987,89.819987,0.000000,0.000000,0.000000,0.000000,89.819987
1523213285.400000,89.360005,89.360005,0.000000,0.000000,0.000000,0.000000,89.360005
1523213285.450000,89.299976,89.299976,0.000000,0.000000,0.000000,0.000000,89.299976
1523213285.500000,89.599992,89.599992,0.000000,0.000000,0.000000,0.000000,89.599992
1523213285.550000,89.300024,89.300024,0.000000,0.000000,0.000000,0.000000,89.300024
1523213285.600000,87.860006,87.860006,0.000000,0.000000,0.000000,0.000000,87.860006
1523213285.650000,89.139993,89.139993,0.000000,0.000000,0.000000,0.000000,89.139993
1523213285.700000,88.960013,88.960013,0.000000,0.000000,0.000000,0.000000,88.960013
1523213285.750000,87.980007,87.980007,0.000000,0.000000,0.000000,0.000000,87.980007
1523213285.800000,89.160005,89.160005,0.000000,0.000000,0.000000,0.000000,89.160005
1523213285.850000,89.280002,89.280002,0.000000,0.000000,0.000000,0.000000,89.280002
1523213285.900000,89.800011,89.800011,0.000000,0.000000,0.000000,0.000000,89.800011
1523213285.950000,89.399986,89.399986,0.000000,0.000000,0.000000,0.000000,89.399986
1523213286.000000,89.720010,89.720010,0.000000,0.000000,0.000000,0.000000,89.720010
1523213286.050000,89.539990,89.539990,0.000000,0.000000,0.000000,0.000000,89.539990
1523213286.100000,89.539993,89.539993,0.000000,0.000000,0.000000,0.000000,89.539993
1523213286.150000,88.900021,88.900021,0.000000,0.000000,0.000000,0.000000,88.900021
1523213286.200000,89.579996,89.579996,0.000000,0.000000,0.000000,0.000000,89.579996
1523213286.250000,88.560026,88.560026,0.000000,0.000000,0.000000,0.000000,88.560026
1523213286.300000,88.180033,88.180033,0.000000,0.000000,0.000000,0.000000,88.180033
1523213286.350000,89.199994,89.199994,0.000000,0.000000,0.000000,0.000000,89.199994
1523213286.400000,89.340021,89.340021,0.000000,0.000000,0.000000,0.000000,89.340021
1523213286.450000,87.859999,87.859999,0.000000,0.000000,0.000000,0.000000,87.859999
1523213286.500000,87.499990,87.499990,0.000000,0.000000,0.000000,0.000000,87.499990
1523213286.550000,87.499952,87.499952,0.000000,0.000000,0.000000,0.000000,87.499952
1523213286.600000,89.019929,89.019929,0.000000,0.000000,0.000000,0.000000,89.019929
1523213286.650000,89.300005,89.300005,0.000000,0.000000,0.000000,0.000000,89.300005
1523213286.700000,89.219987,89.219987,0.000000,0.000000,0.000000,0.000000,89.219987
1523213286.750000,89.679995,89.679995,0.000000,0.000000,0.000000,0.000000,89.679995
1523213286.800000,89.659996,89.659996,0.000000,0.000000,0.000000,0.000000,89.659996
1523213286.850000,89.540011,89.540011,0.000000,0.000000,0.000000,0.000000,89.540011
1523213286.900000,89.019981,89.019981,0.000000,0.000000,0.000000,0.000000,89.019981
1523213286.950000,87.639954,87.639954,0.000000,0.000000,0.000000,0.000000,87.639954
1523213287.000000,87.279978,87.279978,0.000000,0.000000,0.000000,0.000000,87.279978
1523213287.050000,88.500020,88.500020,0.000000,0.000000,0.000000,0.000000,88.500020
1523213287.100000,89.660000,89.660000,0.000000,0.000000,0.000000,0.000000,89.660000
1523213287.150000,89.000002,89.000002,0.000000,0.000000,0.000000,0.000000,89.000002
1523213287.200000,88.759994,88.759994,0.000000,0.000000,0.000000,0.000000,88.759994
1523213287.250000,89.179985,89.179985,0.000000,0.000000,0.000000,0.000000,89.179985
1523213287.300000,88.700027,88.700027,0.000000,0.000000,0.000000,0.000000,88.700027
1523213287.350000,88.920002,88.920002,0.000000,0.000000,0.000000,0.000000,88.920002
1523213287.400000,89.820001,89.820001,0.000000,0.000000,0.000000,0.000000,89.820001
1523213287.450000,88.600002,88.600002,0.000000,0.000000,0.000000,0.000000,88.600002
1523213287.500000,89.279990,89.279990,0.000000,0.000000,0.000000,0.000000,89.279990
1523213287.550000,89.679985,89.679985,0.000000,0.000000,0.000000,0.000000,89.679985
1523213287.600000,89.339990,89.339990,0.000000,0.000000,0.000000,0.000000,89.339990
1523213287.650000,89.699988,89.699988,0.000000,0.000000,0.000000,0.000000,89.699988
1523213287.700000,89.019998,89.019998,0.000000,0.000000,0.000000,0.000000,89.019998
1523213287.750000,88.920012,88.920012,0.000000,0.000000,0.000000,0.000000,88.920012
1523213287.800000,88.239997,88.239997,0.000000,0.000000,0.000000,0.000000,88.239997
1523213287.850000,88.720039,88.720039,0.000000,0.000000,0.000000,0.000000,88.720039
1523213287.900000,88.900018,88.900018,0.000000,0.000000,0.000000,0.000000,88.900018
1523213287.950000,88.700006,88.700006,0.000000,0.000000,0.000000,0.000000,88.700006
1523213288.000000,87.439981,87.439981,0.000000,0.000000,0.000000,0.000000,87.439981
1523213288.050000,88.900011,88.900011,0.000000,0.000000,0.000000,0.000000,88.900011
1523213288.100000,87.539968,87.539968,0.000000,0.000000,0.000000,0.000000,87.539968
1523213288.150000,88.979999,88.979999,0.000000,0.000000,0.000000,0.000000,88.979999
1523213288.200000,88.979985,88.979985,0.000000,0.000000,0.000000,0.000000,88.979985
1523213288.250000,88.680055,88.680055,0.000000,0.000000,0.000000,0.000000,88.680055
1523213288.300000,88.859985,88.859985,0.000000,0.000000,0.000000,0.000000,88.859985
1523213288.350000,87.039990,87.039990,0.000000,0.000000,0.000000,0.000000,87.039990
1523213288.400000,87.920024,87.920024,0.000000,0.000000,0.000000,0.000000,87.920024
1523213288.450000,89.180003,89.180003,0.000000,0.000000,0.000000,0.000000,89.180003
1523213288.500000,89.199977,89.199977,0.000000,0.000000,0.000000,0.000000,89.199977
1523213288.550000,88.220048,88.220048,0.000000,0.000000,0.000000,0.000000,88.220048
1523213288.600000,88.119983,88.119983,0.000000,0.000000,0.000000,0.000000,88.119983
1523213288.650000,89.500028,89.500028,0.000000,0.000000,0.000000,0.000000,89.500028
1523213288.700000,88.859987,88.859987,0.000000,0.000000,0.000000,0.000000,88.859987
1523213288.750000,88.079971,88.079971,0.000000,0.000000,0.000000,0.000000,88.079971
1523213288.800000,88.480000,88.480000,0.000000,0.000000,0.000000,0.000000,88.480000
1523213288.850000,89.500034,89.500034,0.000000,0.000000,0.000000,0.000000,89.500034
1523213288.900000,88.700012,88.700012,0.000000,0.000000,0.000000,0.000000,88.700012
1523213288.950000,88.360006,88.360006,0.000000,0.000000,0.000000,0.000000,88.360006
1523213289.000000,88.619962,88.619962,0.000000,0.000000,0.000000,0.000000,88.619962
1523213289.050000,88.620018,88.620018,0.000000,0.000000,0.000000,0.000000,88.620018
1523213289.100000,87.739961,87.739961,0.000000,0.000000,0.000000,0.000000,87.739961
1523213289.150000,89.439993,89.439993,0.000000,0.000000,0.000000,0.000000,89.439993
1523213289.200000,89.280009,89.280009,0.000000,0.000000,0.000000,0.000000,89.280009
1523213289.250000,89.400011,89.400011,0.000000,0.000000,0.000000,0.000000,89.400011
1523213289.300000,87.619985,87.619985,0.000000,0.000000,0.000000,0.000000,87.619985
1523213289.350000,88.559960,88.559960,0.000000,0.000000,0.000000,0.000000,88.559960
1523213289.400000,88.900012,88.900012,0.000000,0.000000,0.000000,0.000000,88.900012
1523213289.450000,89.139997,89.139997,0.000000,0.000000,0.000000,0.000000,89.139997
1523213289.500000,89.299982,89.299982,0.000000,0.000000,0.000000,0.000000,89.299982
1523213289.550000,87.920033,87.920033,0.000000,0.000000,0.000000,0.000000,87.920033
1523213289.600000,89.199984,89.199984,0.000000,0.000000,0.000000,0.000000,89.199984
1523213289.650000,89.760000,89.760000,0.000000,0.000000,0.000000,0.000000,89.760000
1523213289.700000,88.659991,88.659991,0.000000,0.000000,0.000000,0.000000,88.659991
1523213289.750000,89.659995,89.659995,0.000000,0.000000,0.000000,0.000000,89.659995
1523213289.800000,89.299945,89.299945,0.000000,0.000000,0.000000,0.000000,89.299945
1523213289.850000,89.240015,89.240015,0.000000,0.000000,0.000000,0.000000,89.240015
1523213289.900000,89.380018,89.380018,0.000000,0.000000,0.000000,0.000000,89.380018
1523213289.950000,88.380009,88.380009,0.000000,0.000000,0.000000,0.000000,88.380009
1523213290.000000,87.119987,87.119987,0.000000,0.000000,0.000000,0.000000,87.119987
1523213290.050000,89.440021,89.440021,0.000000,0.000000,0.000000,0.000000,89.440021
1523213290.100000,87.639979,87.639979,0.000000,0.000000,0.000000,0.000000,87.639979
1523213290.150000,88.580016,88.580016,0.000000,0.000000,0.000000,0.000000,88.580016
1523213290.200000,89.259968,89.259968,0.000000,0.000000,0.000000,0.000000,89.259968
1523213290.250000,88.980010,88.980010,0.000000,0.000000,0.000000,0.000000,88.980010
1523213290.300000,89.820004,89.820004,0.000000,0.000000,0.000000,0.000000,89.820004
1523213290.350000,89.240060,89.240060,0.000000,0.000000,0.000000,0.000000,89.240060
1523213290.400000,89.599994,89.599994,0.000000,0.000000,0.000000,0.000000,89.599994
1523213290.450000,89.559987,89.559987,0.000000,0.000000,0.000000,0.000000,89.559987
1523213290.500000,89.720016,89.720016,0.000000,0.000000,0.000000,0.000000,89.720016
1523213290.550000,89.360011,89.360011,0.000000,0.000000,0.000000,0.000000,89.360011
1523213290.600000,88.739973,88.739973,0.000000,0.000000,0.000000,0.000000,88.739973
1523213290.650000,89.239989,89.239989,0.000000,0.000000,0.000000,0.000000,89.239989
1523213290.700000,89.339998,89.339998,0.000000,0.000000,0.000000,0.000000,89.339998
1523213290.750000,87.839968,87.839968,0.000000,0.000000,0.000000,0.000000,87.839968
1523213290.800000,89.180017,89.180017,0.000000,0.000000,0.000000,0.000000,89.180017
1523213290.850000,83.720017,83.720017,0.000000,0.000000,0.000000,0.000000,83.720017
1523213290.900000,87.840024,87.840024,0.000000,0.000000,0.000000,0.000000,87.840024
1523213290.950000,89.619993,89.619993,0.000000,0.000000,0.000000,0.000000,89.619993
1523213291.000000,87.220012,87.220012,0.000000,0.000000,0.000000,0.000000,87.220012
1523213291.050000,89.500011,89.500011,0.000000,0.000000,0.000000,0.000000,89.500011
1523213291.100000,88.580012,88.580012,0.000000,0.000000,0.000000,0.000000,88.580012
1523213291.150000,89.140018,89.140018,0.000000,0.000000,0.000000,0.000000,89.140018
1523213291.200000,89.679990,89.679990,0.000000,0.000000,0.000000,0.000000,89.679990
1523213291.250000,88.620001,88.620001,0.000000,0.000000,0.000000,0.000000,88.620001
1523213291.300000,89.700002,89.700002,0.000000,0.000000,0.000000,0.000000,89.700002
1523213291.350000,89.519981,89.519981,0.000000,0.000000,0.000000,0.000000,89.519981
1523213291.400000,89.199977,89.199977,0.000000,0.000000,0.000000,0.000000,89.199977
1523213291.450000,89.699999,89.699999,0.000000,0.000000,0.000000,0.000000,89.699999
1523213291.500000,88.479980,88.479980,0.000000,0.000000,0.000000,0.000000,88.479980
1523213291.550000,89.120003,89.120003,0.000000,0.000000,0.000000,0.000000,89.120003
1523213291.600000,89.219998,89.219998,0.000000,0.000000,0.000000,0.000000,89.219998
1523213291.650000,88.839993,88.839993,0.000000,0.000000,0.000000,0.000000,88.839993
1523213291.700000,89.520001,89.520001,0.000000,0.000000,0.000000,0.000000,89.520001
1523213291.750000,88.959993,88.959993,0.000000,0.000000,0.000000,0.000000,88.959993
1523213291.800000,89.240013,89.240013,0.000000,0.000000,0.000000,0.000000,89.240013
1523213291.850000,88.639969,88.639969,0.000000,0.000000,0.000000,0.000000,88.639969
1523213291.900000,89.780004,89.780004,0.000000,0.000000,0.000000,0.000000,89.780004
1523213291.950000,89.040008,89.040008,0.000000,0.000000,0.000000,0.000000,89.040008
1523213292.000000,83.280019,83.280019,0.000000,0.000000,0.000000,0.000000,83.280019
1523213292.050000,89.780011,89.780011,0.000000,0.000000,0.000000,0.000000,89.780011
1523213292.100000,87.799959,87.799959,0.000000,0.000000,0.000000,0.000000,87.799959
1523213292.150000,88.779987,88.779987,0.000000,0.000000,0.000000,0.000000,88.779987
1523213292.200000,88.340014,88.340014,0.000000,0.000000,0.000000,0.000000,88.340014
1523213292.250000,89.039976,89.039976,0.000000,0.000000,0.000000,0.000000,89.039976
1523213292.300000,87.120009,87.120009,0.000000,0.000000,0.000000,0.000000,87.120009
1523213292.350000,88.679988,88.679988,0.000000,0.000000,0.000000,0.000000,88.679988
1523213292.400000,88.719989,88.719989,0.000000,0.000000,0.000000,0.000000,88.719989
1523213292.450000,89.380008,89.380008,0.000000,0.000000,0.000000,0.000000,89.380008
1523213292.500000,89.220001,89.220001,0.000000,0.000000,0.000000,0.000000,89.220001
1523213292.550000,87.900032,87.900032,0.000000,0.000000,0.000000,0.000000,87.900032
1523213292.600000,89.759989,89.759989,0.000000,0.000000,0.000000,0.000000,89.759989
1523213292.650000,88.400025,88.400025,0.000000,0.000000,0.000000,0.000000,88.400025
1523213292.700000,87.659988,87.659988,0.000000,0.000000,0.000000,0.000000,87.659988
1523213292.750000,88.859948,88.859948,0.000000,0.000000,0.000000,0.000000,88.859948
1523213292.800000,88.940014,88.940014,0.000000,0.000000,0.000000,0.000000,88.940014
1523213292.850000,89.020018,89.020018,0.000000,0.000000,0.000000,0.000000,89.020018
1523213292.900000,89.559999,89.559999,0.000000,0.000000,0.000000,0.000000,89.559999
1523213292.950000,89.539993,89.539993,0.000000,0.000000,0.000000,0.000000,89.539993
1523213293.000000,89.719973,89.719973,0.000000,0.000000,0.000000,0.000000,89.719973
1523213293.050000,89.320000,89.320000,0.000000,0.000000,0.000000,0.000000,89.320000
1523213293.100000,89.339984,89.339984,0.000000,0.000000,0.000000,0.000000,89.339984
1523213293.150000,89.640013,89.640013,0.000000,0.000000,0.000000,0.000000,89.640013
1523213293.200000,89.219940,89.219940,0.000000,0.000000,0.000000,0.000000,89.219940
1523213293.250000,89.539992,89.539992,0.000000,0.000000,0.000000,0.000000,89.539992
1523213293.300000,86.380013,86.380013,0.000000,0.000000,0.000000,0.000000,86.380013
1523213293.350000,89.579991,89.579991,0.000000,0.000000,0.000000,0.000000,89.579991
1523213293.400000,89.560031,89.560031,0.000000,0.000000,0.000000,0.000000,89.560031
1523213293.450000,88.339998,88.339998,0.000000,0.000000,0.000000,0.000000,88.339998
1523213293.500000,89.560005,89.560005,0.000000,0.000000,0.000000,0.000000,89.560005
1523213293.550000,89.759981,89.759981,0.000000,0.000000,0.000000,0.000000,89.759981
1523213293.600000,89.240005,89.240005,0.000000,0.000000,0.000000,0.000000,89.240005
1523213293.650000,89.039983,89.039983,0.000000,0.000000,0.000000,0.000000,89.039983
1523213293.700000,89.479990,89.479990,0.000000,0.000000,0.000000,0.000000,89.479990
1523213293.750000,89.279964,89.279964,0.000000,0.000000,0.000000,0.000000,89.279964
1523213293.800000,89.059996,89.059996,0.000000,0.000000,0.000000,0.000000,89.059996
1523213293.850000,89.520019,89.520019,0.000000,0.000000,0.000000,0.000000,89.520019
1523213293.900000,89.499992,89.499992,0.000000,0.000000,0.000000,0.000000,89.499992
1523213293.950000,89.080016,89.080016,0.000000,0.000000,0.000000,0.000000,89.080016
1523213294.000000,89.439991,89.439991,0.000000,0.000000,0.000000,0.000000,89.439991
1523213294.050000,89.139975,89.139975,0.000000,0.000000,0.000000,0.000000,89.139975
1523213294.100000,88.979978,88.979978,0.000000,0.000000,0.000000,0.000000,88.979978
1523213294.150000,89.080004,89.080004,0.000000,0.000000,0.000000,0.000000,89.080004
1523213294.200000,88.699994,88.699994,0.000000,0.000000,0.000000,0.000000,88.699994
1523213294.250000,88.119987,88.119987,0.000000,0.000000,0.000000,0.000000,88.119987
1523213294.300000,87.440009,87.440009,0.000000,0.000000,0.000000,0.000000,87.440009
1523213294.350000,88.300022,88.300022,0.000000,0.000000,0.000000,0.000000,88.300022
1523213294.400000,89.619992,89.619992,0.000000,0.000000,0.000000,0.000000,89.619992
1523213294.450000,89.259993,89.259993,0.000000,0.000000,0.000000,0.000000,89.259993
1523213294.500000,89.280010,89.280010,0.000000,0.000000,0.000000,0.000000,89.280010
1523213294.550000,88.739972,88.739972,0.000000,0.000000,0.000000,0.000000,88.739972
1523213294.600000,89.540004,89.540004,0.000000,0.000000,0.000000,0.000000,89.540004
1523213294.650000,89.279985,89.279985,0.000000,0.000000,0.000000,0.000000,89.279985
1523213294.700000,89.219973,89.219973,0.000000,0.000000,0.000000,0.000000,89.219973
1523213294.750000,89.200010,89.200010,0.000000,0.000000,0.000000,0.000000,89.200010
1523213294.800000,88.840018,88.840018,0.000000,0.000000,0.000000,0.000000,88.840018
1523213294.850000,89.260007,89.260007,0.000000,0.000000,0.000000,0.000000,89.260007
1523213294.900000,89.360016,89.360016,0.000000,0.000000,0.000000,0.000000,89.360016
1523213294.950000,89.719992,89.719992,0.000000,0.000000,0.000000,0.000000,89.719992
1523213295.000000,88.340001,88.340001,0.000000,0.000000,0.000000,0.000000,88.340001
1523213295.050000,89.499969,89.499969,0.000000,0.000000,0.000000,0.000000,89.499969
1523213295.100000,88.399986,88.399986,0.000000,0.000000,0.000000,0.000000,88.399986
1523213295.150000,89.359982,89.359982,0.000000,0.000000,0.000000,0.000000,89.359982
1523213295.200000,89.559997,89.559997,0.000000,0.000000,0.000000,0.000000,89.559997
1523213295.250000,88.479989,88.479989,0.000000,0.000000,0.000000,0.000000,88.479989
1523213295.300000,87.699983,87.699983,0.000000,0.000000,0.000000,0.000000,87.699983
1523213295.350000,88.979998,88.979998,0.000000,0.000000,0.000000,0.000000,88.979998
1523213295.400000,89.319983,89.319983,0.000000,0.000000,0.000000,0.000000,89.319983
1523213295.450000,88.660003,88.660003,0.000000,0.000000,0.000000,0.000000,88.660003
1523213295.500000,88.399996,88.399996,0.000000,0.000000,0.000000,0.000000,88.399996
1523213295.550000,88.980033,88.980033,0.000000,0.000000,0.000000,0.000000,88.980033
1523213295.600000,89.299990,89.299990,0.000000,0.000000,0.000000,0.000000,89.299990
1523213295.650000,88.640024,88.640024,0.000000,0.000000,0.000000,0.000000,88.640024
1523213295.700000,89.359982,89.359982,0.000000,0.000000,0.000000,0.000000,89.359982
1523213295.750000,89.179980,89.179980,0.000000,0.000000,0.000000,0.000000,89.179980
1523213295.800000,89.159971,89.159971,0.000000,0.000000,0.000000,0.000000,89.159971
1523213295.850000,88.539994,88.539994,0.000000,0.000000,0.000000,0.000000,88.539994
1523213295.900000,88.639999,88.639999,0.000000,0.000000,0.000000,0.000000,88.639999
1523213295.950000,88.300014,88.300014,0.000000,0.000000,0.000000,0.000000,88.300014
1523213296.000000,87.920000,87.920000,0.000000,0.000000,0.000000,0.000000,87.920000
1523213296.050000,89.279976,89.279976,0.000000,0.000000,0.000000,0.000000,89.279976
1523213296.100000,86.159983,86.159983,0.000000,0.000000,0.000000,0.000000,86.159983
1523213296.150000,88.239980,88.239980,0.000000,0.000000,0.000000,0.000000,88.239980
1523213296.200000,88.559966,88.559966,0.000000,0.000000,0.000000,0.000000,88.559966
1523213296.250000,88.979985,88.979985,0.000000,0.000000,0.000000,0.000000,88.979985
1523213296.300000,80.859992,80.859992,0.000000,0.000000,0.000000,0.000000,80.859992
1523213296.350000,80.759976,80.759976,0.000000,0.000000,0.000000,0.000000,80.759976
1523213296.400000,89.600037,89.600037,0.000000,0.000000,0.000000,0.000000,89.600037
1523213296.450000,89.599989,89.599989,0.000000,0.000000,0.000000,0.000000,89.599989
1523213296.500000,88.740031,88.740031,0.000000,0.000000,0.000000,0.000000,88.740031
1523213296.550000,88.640062,88.640062,0.000000,0.000000,0.000000,0.000000,88.640062
1523213296.600000,87.939995,87.939995,0.000000,0.000000,0.000000,0.000000,87.939995
1523213296.650000,88.840017,88.840017,0.000000,0.000000,0.000000,0.000000,88.840017
1523213296.700000,89.159986,89.159986,0.000000,0.000000,0.000000,0.000000,89.159986
1523213296.750000,89.579979,89.579979,0.000000,0.000000,0.000000,0.000000,89.579979
1523213296.800000,89.880008,89.880008,0.000000,0.000000,0.000000,0.000000,89.880008
1523213296.850000,88.840027,88.840027,0.000000,0.000000,0.000000,0.000000,88.840027
1523213296.900000,88.740020,88.740020,0.000000,0.000000,0.000000,0.000000,88.740020
1523213296.950000,89.260007,89.260007,0.000000,0.000000,0.000000,0.000000,89.260007
1523213297.000000,89.179948,89.179948,0.000000,0.000000,0.000000,0.000000,89.179948
1523213297.050000,89.519993,89.519993,0.000000,0.000000,0.000000,0.000000,89.519993
1523213297.100000,89.799990,89.799990,0.000000,0.000000,0.000000,0.000000,89.799990
1523213297.150000,87.440050,87.440050,0.000000,0.000000,0.000000,0.000000,87.440050
1523213297.200000,89.280024,89.280024,0.000000,0.000000,0.000000,0.000000,89.280024
1523213297.250000,88.920030,88.920030,0.000000,0.000000,0.000000,0.000000,88.920030
1523213297.300000,88.459997,88.459997,0.000000,0.000000,0.000000,0.000000,88.459997
1523213297.350000,88.999979,88.999979,0.000000,0.000000,0.000000,0.000000,88.999979
1523213297.400000,89.039976,89.039976,0.000000,0.000000,0.000000,0.000000,89.039976
1523213297.450000,89.600007,89.600007,0.000000,0.000000,0.000000,0.000000,89.600007
1523213297.500000,87.220038,87.220038,0.000000,0.000000,0.000000,0.000000,87.220038
1523213297.550000,89.159972,89.159972,0.000000,0.000000,0.000000,0.000000,89.159972
1523213297.600000,89.079969,89.079969,0.000000,0.000000,0.000000,0.000000,89.079969
1523213297.650000,88.140004,88.140004,0.000000,0.000000,0.000000,0.000000,88.140004
1523213297.700000,89.020006,89.020006,0.000000,0.000000,0.000000,0.000000,89.020006
1523213297.750000,87.979990,87.979990,0.000000,0.000000,0.000000,0.000000,87.979990
1523213297.800000,89.279990,89.279990,0.000000,0.000000,0.000000,0.000000,89.279990
1523213297.850000,87.139988,87.139988,0.000000,0.000000,0.000000,0.000000,87.139988
1523213297.900000,88.240025,88.240025,0.000000,0.000000,0.000000,0.000000,88.240025
1523213297.950000,88.139960,88.139960,0.000000,0.000000,0.000000,0.000000,88.139960
1523213298.000000,89.740015,89.740015,0.000000,0.000000,0.000000,0.000000,89.740015
1523213298.050000,89.439982,89.439982,0.000000,0.000000,0.000000,0.000000,89.439982
1523213298.100000,88.779996,88.779996,0.000000,0.000000,0.000000,0.000000,88.779996
1523213298.150000,88.280060,88.280060,0.000000,0.000000,0.000000,0.000000,88.280060
1523213298.200000,88.959972,88.959972,0.000000,0.000000,0.000000,0.000000,88.959972
1523213298.250000,86.039968,86.039968,0.000000,0.000000,0.000000,0.000000,86.039968
1523213298.300000,88.739995,88.739995,0.000000,0.000000,0.000000,0.000000,88.739995
1523213298.350000,88.799988,88.799988,0.000000,0.000000,0.000000,0.000000,88.799988
1523213298.400000,79.299996,79.299996,0.000000,0.000000,0.000000,0.000000,79.299996
1523213298.450000,89.360012,89.360012,0.000000,0.000000,0.000000,0.000000,89.360012
1523213298.500000,88.799994,88.799994,0.000000,0.000000,0.000000,0.000000,88.799994
1523213298.550000,89.319981,89.319981,0.000000,0.000000,0.000000,0.000000,89.319981
1523213298.600000,89.159993,89.159993,0.000000,0.000000,0.000000,0.000000,89.159993
1523213298.650000,89.479998,89.479998,0.000000,0.000000,0.000000,0.000000,89.479998
1523213298.700000,88.280023,88.280023,0.000000,0.000000,0.000000,0.000000,88.280023
1523213298.750000,86.920019,86.920019,0.000000,0.000000,0.000000,0.000000,86.920019
1523213298.800000,89.040000,89.040000,0.000000,0.000000,0.000000,0.000000,89.040000
1523213298.850000,89.459977,89.459977,0.000000,0.000000,0.000000,0.000000,89.459977
1523213298.900000,89.300008,89.300008,0.000000,0.000000,0.000000,0.000000,89.300008
1523213298.950000,88.740014,88.740014,0.000000,0.000000,0.000000,0.000000,88.740014
1523213299.000000,89.179947,89.179947,0.000000,0.000000,0.000000,0.000000,89.179947
1523213299.050000,88.459995,88.459995,0.000000,0.000000,0.000000,0.000000,88.459995
1523213299.100000,89.319987,89.319987,0.000000,0.000000,0.000000,0.000000,89.319987
1523213299.150000,88.919994,88.919994,0.000000,0.000000,0.000000,0.000000,88.919994
1523213299.200000,89.719993,89.719993,0.000000,0.000000,0.000000,0.000000,89.719993
1523213299.250000,87.939994,87.939994,0.000000,0.000000,0.000000,0.000000,87.939994
1523213299.300000,89.759997,89.759997,0.000000,0.000000,0.000000,0.000000,89.759997
1523213299.350000,89.600007,89.600007,0.000000,0.000000,0.000000,0.000000,89.600007
1523213299.400000,87.240031,87.240031,0.000000,0.000000,0.000000,0.000000,87.240031
1523213299.450000,89.460012,89.460012,0.000000,0.000000,0.000000,0.000000,89.460012
1523213299.500000,86.239995,86.239995,0.000000,0.000000,0.000000,0.000000,86.239995
1523213299.550000,88.919997,88.919997,0.000000,0.000000,0.000000,0.000000,88.919997
1523213299.600000,89.780025,89.780025,0.000000,0.000000,0.000000,0.000000,89.780025
1523213299.650000,88.900031,88.900031,0.000000,0.000000,0.000000,0.000000,88.900031
1523213299.700000,87.559985,87.559985,0.000000,0.000000,0.000000,0.000000,87.559985
1523213299.750000,89.039983,89.039983,0.000000,0.000000,0.000000,0.000000,89.039983
1523213299.800000,88.999988,88.999988,0.000000,0.000000,0.000000,0.000000,88.999988
1523213299.850000,88.379972,88.379972,0.000000,0.000000,0.000000,0.000000,88.379972
1523213299.900000,88.999976,88.999976,0.000000,0.000000,0.000000,0.000000,88.999976
1523213299.950000,89.020021,89.020021,0.000000,0.000000,0.000000,0.000000,89.020021
1523213300.000000,85.620006,85.620006,0.000000,0.000000,0.000000,0.000000,85.620006
1523213300.050000,88.779974,88.779974,0.000000,0.000000,0.000000,0.000000,88.779974
1523213300.100000,87.040027,87.040027,0.000000,0.000000,0.000000,0.000000,87.040027
1523213300.150000,88.720001,88.720001,0.000000,0.000000,0.000000,0.000000,88.720001
1523213300.200000,88.939990,88.939990,0.000000,0.000000,0.000000,0.000000,88.939990
1523213300.250000,86.679979,86.679979,0.000000,0.000000,0.000000,0.000000,86.679979
1523213300.300000,88.320005,88.320005,0.000000,0.000000,0.000000,0.000000,88.320005
1523213300.350000,88.660015,88.660015,0.000000,0.000000,0.000000,0.000000,88.660015
1523213300.400000,88.120002,88.120002,0.000000,0.000000,0.000000,0.000000,88.120002
1523213300.450000,89.279995,89.279995,0.000000,0.000000,0.000000,0.000000,89.279995
1523213300.500000,89.459993,89.459993,0.000000,0.000000,0.000000,0.000000,89.459993
1523213300.550000,87.260010,87.260010,0.000000,0.000000,0.000000,0.000000,87.260010
1523213300.600000,87.460025,87.460025,0.000000,0.000000,0.000000,0.000000,87.460025
1523213300.650000,86.680016,86.680016,0.000000,0.000000,0.000000,0.000000,86.680016
1523213300.700000,88.499985,88.499985,0.000000,0.000000,0.000000,0.000000,88.499985
1523213300.750000,89.259953,89.259953,0.000000,0.000000,0.000000,0.000000,89.259953
1523213300.800000,89.620008,89.620008,0.000000,0.000000,0.000000,0.000000,89.620008
1523213300.850000,89.720023,89.720023,0.000000,0.000000,0.000000,0.000000,89.720023
1523213300.900000,89.160037,89.160037,0.000000,0.000000,0.000000,0.000000,89.160037
1523213300.950000,89.559979,89.559979,0.000000,0.000000,0.000000,0.000000,89.559979
1523213301.000000,89.160009,89.160009,0.000000,0.000000,0.000000,0.000000,89.160009
1523213301.050000,89.460015,89.460015,0.000000,0.000000,0.000000,0.000000,89.460015
1523213301.100000,87.379995,87.379995,0.000000,0.000000,0.000000,0.000000,87.379995
1523213301.150000,88.319956,88.319956,0.000000,0.000000,0.000000,0.000000,88.319956
1523213301.200000,88.900025,88.900025,0.000000,0.000000,0.000000,0.000000,88.900025
1523213301.250000,88.739972,88.739972,0.000000,0.000000,0.000000,0.000000,88.739972
1523213301.300000,87.699986,87.699986,0.000000,0.000000,0.000000,0.000000,87.699986
1523213301.350000,88.900019,88.900019,0.000000,0.000000,0.000000,0.000000,88.900019
1523213301.400000,89.380025,89.380025,0.000000,0.000000,0.000000,0.000000,89.380025
1523213301.450000,88.840010,88.840010,0.000000,0.000000,0.000000,0.000000,88.840010
1523213301.500000,87.979989,87.979989,0.000000,0.000000,0.000000,0.000000,87.979989
1523213301.550000,89.499982,89.499982,0.000000,0.000000,0.000000,0.000000,89.499982
1523213301.600000,89.439981,89.439981,0.000000,0.000000,0.000000,0.000000,89.439981
1523213301.650000,89.199981,89.199981,0.000000,0.000000,0.000000,0.000000,89.199981
1523213301.700000,87.779984,87.779984,0.000000,0.000000,0.000000,0.000000,87.779984
1523213301.750000,89.340030,89.340030,0.000000,0.000000,0.000000,0.000000,89.340030
1523213301.800000,88.040009,88.040009,0.000000,0.000000,0.000000,0.000000,88.040009
1523213301.850000,89.119981,89.119981,0.000000,0.000000,0.000000,0.000000,89.119981
1523213301.900000,89.520024,89.520024,0.000000,0.000000,0.000000,0.000000,89.520024
1523213301.950000,87.860005,87.860005,0.000000,0.000000,0.000000,0.000000,87.860005
1523213302.000000,88.200054,88.200054,0.000000,0.000000,0.000000,0.000000,88.200054
1523213302.050000,88.879971,88.879971,0.000000,0.000000,0.000000,0.000000,88.879971
1523213302.100000,89.539975,89.539975,0.000000,0.000000,0.000000,0.000000,89.539975
1523213302.150000,89.419986,89.419986,0.000000,0.000000,0.000000,0.000000,89.419986
1523213302.200000,89.040005,89.040005,0.000000,0.000000,0.000000,0.000000,89.040005
1523213302.250000,89.619987,89.619987,0.000000,0.000000,0.000000,0.000000,89.619987
1523213302.300000,89.520009,89.520009,0.000000,0.000000,0.000000,0.000000,89.520009
1523213302.350000,89.319975,89.319975,0.000000,0.000000,0.000000,0.000000,89.319975
1523213302.400000,89.579994,89.579994,0.000000,0.000000,0.000000,0.000000,89.579994
1523213302.450000,87.819988,87.819988,0.000000,0.000000,0.000000,0.000000,87.819988
1523213302.500000,88.580009,88.580009,0.000000,0.000000,0.000000,0.000000,88.580009
1523213302.550000,89.260000,89.260000,0.000000,0.000000,0.000000,0.000000,89.260000
1523213302.600000,89.360018,89.360018,0.000000,0.000000,0.000000,0.000000,89.360018
1523213302.650000,89.139978,89.139978,0.000000,0.000000,0.000000,0.000000,89.139978
1523213302.700000,88.999991,88.999991,0.000000,0.000000,0.000000,0.000000,88.999991
1523213302.750000,87.119995,87.119995,0.000000,0.000000,0.000000,0.000000,87.119995
1523213302.800000,88.499979,88.499979,0.000000,0.000000,0.000000,0.000000,88.499979
1523213302.850000,88.759995,88.759995,0.000000,0.000000,0.000000,0.000000,88.759995
1523213302.900000,89.020049,89.020049,0.000000,0.000000,0.000000,0.000000,89.020049
1523213302.950000,89.500000,89.500000,0.000000,0.000000,0.000000,0.000000,89.500000
1523213303.000000,89.539979,89.539979,0.000000,0.000000,0.000000,0.000000,89.539979
1523213303.050000,89.720015,89.720015,0.000000,0.000000,0.000000,0.000000,89.720015
1523213303.100000,88.799972,88.799972,0.000000,0.000000,0.000000,0.000000,88.799972
1523213303.150000,89.639992,89.639992,0.000000,0.000000,0.000000,0.000000,89.639992
1523213303.200000,89.620007,89.620007,0.000000,0.000000,0.000000,0.000000,89.620007
1523213303.250000,89.600010,89.600010,0.000000,0.000000,0.000000,0.000000,89.600010
1523213303.300000,89.339999,89.339999,0.000000,0.000000,0.000000,0.000000,89.339999
1523213303.350000,87.979999,87.979999,0.000000,0.000000,0.000000,0.000000,87.979999
1523213303.400000,88.799994,88.799994,0.000000,0.000000,0.000000,0.000000,88.799994
1523213303.450000,87.979987,87.979987,0.000000,0.000000,0.000000,0.000000,87.979987
1523213303.500000,89.360013,89.360013,0.000000,0.000000,0.000000,0.000000,89.360013
1523213303.550000,89.200001,89.200001,0.000000,0.000000,0.000000,0.000000,89.200001
1523213303.600000,87.900035,87.900035,0.000000,0.000000,0.000000,0.000000,87.900035
1523213303.650000,85.080042,85.080042,0.000000,0.000000,0.000000,0.000000,85.080042
1523213303.700000,89.620004,89.620004,0.000000,0.000000,0.000000,0.000000,89.620004
1523213303.750000,88.539986,88.539986,0.000000,0.000000,0.000000,0.000000,88.539986
1523213303.800000,89.479992,89.479992,0.000000,0.000000,0.000000,0.000000,89.479992
1523213303.850000,88.679987,88.679987,0.000000,0.000000,0.000000,0.000000,88.679987
1523213303.900000,86.519979,86.519979,0.000000,0.000000,0.000000,0.000000,86.519979
1523213303.950000,89.440006,89.440006,0.000000,0.000000,0.000000,0.000000,89.440006
1523213304.000000,87.739950,87.739950,0.000000,0.000000,0.000000,0.000000,87.739950
1523213304.050000,89.000000,89.000000,0.000000,0.000000,0.000000,0.000000,89.000000
1523213304.100000,89.080041,89.080041,0.000000,0.000000,0.000000,0.000000,89.080041
1523213304.150000,89.900003,89.900003,0.000000,0.000000,0.000000,0.000000,89.900003
1523213304.200000,89.299996,89.299996,0.000000,0.000000,0.000000,0.000000,89.299996
1523213304.250000,89.379983,89.379983,0.000000,0.000000,0.000000,0.000000,89.379983
1523213304.300000,89.760006,89.760006,0.000000,0.000000,0.000000,0.000000,89.760006
1523213304.350000,89.339994,89.339994,0.000000,0.000000,0.000000,0.000000,89.339994
1523213304.400000,84.040014,84.040014,0.000000,0.000000,0.000000,0.000000,84.040014
1523213304.450000,89.359981,89.359981,0.000000,0.000000,0.000000,0.000000,89.359981
1523213304.500000,89.439968,89.439968,0.000000,0.000000,0.000000,0.000000,89.439968
1523213304.550000,89.620026,89.620026,0.000000,0.000000,0.000000,0.000000,89.620026
1523213304.600000,88.160010,88.160010,0.000000,0.000000,0.000000,0.000000,88.160010
1523213304.650000,89.359977,89.359977,0.000000,0.000000,0.000000,0.000000,89.359977
1523213304.700000,88.019990,88.019990,0.000000,0.000000,0.000000,0.000000,88.019990
1523213304.750000,89.559987,89.559987,0.000000,0.000000,0.000000,0.000000,89.559987
1523213304.800000,89.200015,89.200015,0.000000,0.000000,0.000000,0.000000,89.200015
1523213304.850000,87.720008,87.720008,0.000000,0.000000,0.000000,0.000000,87.720008
1523213304.900000,89.779987,89.779987,0.000000,0.000000,0.000000,0.000000,89.779987
1523213304.950000,88.959963,88.959963,0.000000,0.000000,0.000000,0.000000,88.959963
1523213305.000000,89.540008,89.540008,0.000000,0.000000,0.000000,0.000000,89.540008
1523213305.050000,89.680013,89.680013,0.000000,0.000000,0.000000,0.000000,89.680013
1523213305.100000,89.419998,89.419998,0.000000,0.000000,0.000000,0.000000,89.419998
1523213305.150000,89.940006,89.940006,0.000000,0.000000,0.000000,0.000000,89.940006
1523213305.200000,88.799999,88.799999,0.000000,0.000000,0.000000,0.000000,88.799999
1523213305.250000,87.539999,87.539999,0.000000,0.000000,0.000000,0.000000,87.539999
1523213305.300000,89.539998,89.539998,0.000000,0.000000,0.000000,0.000000,89.539998
1523213305.350000,87.979979,87.979979,0.000000,0.000000,0.000000,0.000000,87.979979
1523213305.400000,88.799983,88.799983,0.000000,0.000000,0.000000,0.000000,88.799983
1523213305.450000,88.859959,88.859959,0.000000,0.000000,0.000000,0.000000,88.859959
1523213305.500000,88.619999,88.619999,0.000000,0.000000,0.000000,0.000000,88.619999
1523213305.550000,89.440022,89.440022,0.000000,0.000000,0.000000,0.000000,89.440022
1523213305.600000,89.060010,89.060010,0.000000,0.000000,0.000000,0.000000,89.060010
1523213305.650000,89.420028,89.420028,0.000000,0.000000,0.000000,0.000000,89.420028
1523213305.700000,89.279979,89.279979,0.000000,0.000000,0.000000,0.000000,89.279979
1523213305.750000,89.279984,89.279984,0.000000,0.000000,0.000000,0.000000,89.279984
1523213305.800000,89.599986,89.599986,0.000000,0.000000,0.000000,0.000000,89.599986
1523213305.850000,89.159990,89.159990,0.000000,0.000000,0.000000,0.000000,89.159990
1523213305.900000,89.279998,89.279998,0.000000,0.000000,0.000000,0.000000,89.279998
1523213305.950000,89.480012,89.480012,0.000000,0.000000,0.000000,0.000000,89.480012
1523213306.000000,89.120007,89.120007,0.000000,0.000000,0.000000,0.000000,89.120007
1523213306.050000,88.699991,88.699991,0.000000,0.000000,0.000000,0.000000,88.699991
1523213306.100000,89.719977,89.719977,0.000000,0.000000,0.000000,0.000000,89.719977
1523213306.150000,89.459997,89.459997,0.000000,0.000000,0.000000,0.000000,89.459997
1523213306.200000,87.820045,87.820045,0.000000,0.000000,0.000000,0.000000,87.820045
1523213306.250000,89.740006,89.740006,0.000000,0.000000,0.000000,0.000000,89.740006
1523213306.300000,89.480010,89.480010,0.000000,0.000000,0.000000,0.000000,89.480010
1523213306.350000,88.119968,88.119968,0.000000,0.000000,0.000000,0.000000,88.119968
1523213306.400000,88.600021,88.600021,0.000000,0.000000,0.000000,0.000000,88.600021
1523213306.450000,88.839996,88.839996,0.000000,0.000000,0.000000,0.000000,88.839996
1523213306.500000,89.379997,89.379997,0.000000,0.000000,0.000000,0.000000,89.379997
1523213306.550000,89.299973,89.299973,0.000000,0.000000,0.000000,0.000000,89.299973
1523213306.600000,89.239996,89.239996,0.000000,0.000000,0.000000,0.000000,89.239996
1523213306.650000,83.060020,83.060020,0.000000,0.000000,0.000000,0.000000,83.060020
1523213306.700000,89.740005,89.740005,0.000000,0.000000,0.000000,0.000000,89.740005
1523213306.750000,87.940002,87.940002,0.000000,0.000000,0.000000,0.000000,87.940002
1523213306.800000,87.819982,87.819982,0.000000,0.000000,0.000000,0.000000,87.819982
1523213306.850000,89.700030,89.700030,0.000000,0.000000,0.000000,0.000000,89.700030
1523213306.900000,88.720036,88.720036,0.000000,0.000000,0.000000,0.000000,88.720036
1523213306.950000,89.659992,89.659992,0.000000,0.000000,0.000000,0.000000,89.659992
1523213307.000000,88.399995,88.399995,0.000000,0.000000,0.000000,0.000000,88.399995
1523213307.050000,89.220015,89.220015,0.000000,0.000000,0.000000,0.000000,89.220015
1523213307.100000,88.720024,88.720024,0.000000,0.000000,0.000000,0.000000,88.720024
1523213307.150000,88.960012,88.960012,0.000000,0.000000,0.000000,0.000000,88.960012
1523213307.200000,88.980009,88.980009,0.000000,0.000000,0.000000,0.000000,88.980009
1523213307.250000,89.320004,89.320004,0.000000,0.000000,0.000000,0.000000,89.320004
1523213307.300000,88.620023,88.620023,0.000000,0.000000,0.000000,0.000000,88.620023
1523213307.350000,89.260001,89.260001,0.000000,0.000000,0.000000,0.000000,89.260001
1523213307.400000,89.220015,89.220015,0.000000,0.000000,0.000000,0.000000,89.220015
1523213307.450000,88.380007,88.380007,0.000000,0.000000,0.000000,0.000000,88.380007
1523213307.500000,89.539994,89.539994,0.000000,0.000000,0.000000,0.000000,89.539994
1523213307.550000,87.919992,87.919992,0.000000,0.000000,0.000000,0.000000,87.919992
1523213307.600000,88.839994,88.839994,0.000000,0.000000,0.000000,0.000000,88.839994
1523213307.650000,89.179988,89.179988,0.000000,0.000000,0.000000,0.000000,89.179988
1523213307.700000,88.479978,88.479978,0.000000,0.000000,0.000000,0.000000,88.479978
1523213307.750000,89.020008,89.020008,0.000000,0.000000,0.000000,0.000000,89.020008
1523213307.800000,88.019977,88.019977,0.000000,0.000000,0.000000,0.000000,88.019977
1523213307.850000,88.399986,88.399986,0.000000,0.000000,0.000000,0.000000,88.399986
1523213307.900000,89.260021,89.260021,0.000000,0.000000,0.000000,0.000000,89.260021
1523213307.950000,89.579988,89.579988,0.000000,0.000000,0.000000,0.000000,89.579988
1523213308.000000,89.439995,89.439995,0.000000,0.000000,0.000000,0.000000,89.439995
1523213308.050000,89.059978,89.059978,0.000000,0.000000,0.000000,0.000000,89.059978
1523213308.100000,89.640009,89.640009,0.000000,0.000000,0.000000,0.000000,89.640009
1523213308.150000,88.699978,88.699978,0.000000,0.000000,0.000000,0.000000,88.699978
1523213308.200000,87.800002,87.800002,0.000000,0.000000,0.000000,0.000000,87.800002
1523213308.250000,88.459961,88.459961,0.000000,0.000000,0.000000,0.000000,88.459961
1523213308.300000,88.940028,88.940028,0.000000,0.000000,0.000000,0.000000,88.940028
1523213308.350000,87.460015,87.460015,0.000000,0.000000,0.000000,0.000000,87.460015
1523213308.400000,88.680004,88.680004,0.000000,0.000000,0.000000,0.000000,88.680004
1523213308.450000,89.199965,89.199965,0.000000,0.000000,0.000000,0.000000,89.199965
1523213308.500000,88.219954,88.219954,0.000000,0.000000,0.000000,0.000000,88.219954
1523213308.550000,85.360019,85.360019,0.000000,0.000000,0.000000,0.000000,85.360019
1523213308.600000,88.360009,88.360009,0.000000,0.000000,0.000000,0.000000,88.360009
1523213308.650000,89.179991,89.179991,0.000000,0.000000,0.000000,0.000000,89.179991
1523213308.700000,88.560005,88.560005,0.000000,0.000000,0.000000,0.000000,88.560005
1523213308.750000,89.000005,89.000005,0.000000,0.000000,0.000000,0.000000,89.000005
1523213308.800000,89.560017,89.560017,0.000000,0.000000,0.000000,0.000000,89.560017
1523213308.850000,88.600032,88.600032,0.000000,0.000000,0.000000,0.000000,88.600032
1523213308.900000,88.540021,88.540021,0.000000,0.000000,0.000000,0.000000,88.540021
1523213308.950000,88.739989,88.739989,0.000000,0.000000,0.000000,0.000000,88.739989
1523213309.000000,89.440010,89.440010,0.000000,0.000000,0.000000,0.000000,89.440010
1523213309.050000,89.499997,89.499997,0.000000,0.000000,0.000000,0.000000,89.499997
1523213309.100000,89.079989,89.079989,0.000000,0.000000,0.000000,0.000000,89.079989
1523213309.150000,89.640001,89.640001,0.000000,0.000000,0.000000,0.000000,89.640001
1523213309.200000,87.739978,87.739978,0.000000,0.000000,0.000000,0.000000,87.739978
1523213309.250000,88.540004,88.540004,0.000000,0.000000,0.000000,0.000000,88.540004
1523213309.300000,89.220002,89.220002,0.000000,0.000000,0.000000,0.000000,89.220002
1523213309.350000,89.860008,89.860008,0.000000,0.000000,0.000000,0.000000,89.860008
1523213309.400000,89.939985,89.939985,0.000000,0.000000,0.000000,0.000000,89.939985
1523213309.450000,89.699974,89.699974,0.000000,0.000000,0.000000,0.000000,89.699974
1523213309.500000,88.520010,88.520010,0.000000,0.000000,0.000000,0.000000,88.520010
1523213309.550000,88.820029,88.820029,0.000000,0.000000,0.000000,0.000000,88.820029
1523213309.600000,89.639960,89.639960,0.000000,0.000000,0.000000,0.000000,89.639960
1523213309.650000,89.319980,89.319980,0.000000,0.000000,0.000000,0.000000,89.319980
1523213309.700000,88.659986,88.659986,0.000000,0.000000,0.000000,0.000000,88.659986
1523213309.750000,87.040029,87.040029,0.000000,0.000000,0.000000,0.000000,87.040029
1523213309.800000,89.260004,89.260004,0.000000,0.000000,0.000000,0.000000,89.260004
1523213309.850000,89.759974,89.759974,0.000000,0.000000,0.000000,0.000000,89.759974
1523213309.900000,89.500005,89.500005,0.000000,0.000000,0.000000,0.000000,89.500005
1523213309.950000,88.640004,88.640004,0.000000,0.000000,0.000000,0.000000,88.640004
1523213310.000000,87.000024,87.000024,0.000000,0.000000,0.000000,0.000000,87.000024
1523213310.050000,89.300001,89.300001,0.000000,0.000000,0.000000,0.000000,89.300001
1523213310.100000,89.059978,89.059978,0.000000,0.000000,0.000000,0.000000,89.059978
1523213310.150000,89.460009,89.460009,0.000000,0.000000,0.000000,0.000000,89.460009
1523213310.200000,88.959978,88.959978,0.000000,0.000000,0.000000,0.000000,88.959978
1523213310.250000,88.240035,88.240035,0.000000,0.000000,0.000000,0.000000,88.240035
1523213310.300000,89.200005,89.200005,0.000000,0.000000,0.000000,0.000000,89.200005
1523213310.350000,89.020011,89.020011,0.000000,0.000000,0.000000,0.000000,89.020011
1523213310.400000,88.999986,88.999986,0.000000,0.000000,0.000000,0.000000,88.999986
1523213310.450000,87.499987,87.499987,0.000000,0.000000,0.000000,0.000000,87.499987
1523213310.500000,88.820023,88.820023,0.000000,0.000000,0.000000,0.000000,88.820023
1523213310.550000,89.020006,89.020006,0.000000,0.000000,0.000000,0.000000,89.020006
1523213310.600000,88.100026,88.100026,0.000000,0.000000,0.000000,0.000000,88.100026
1523213310.650000,89.280033,89.280033,0.000000,0.000000,0.000000,0.000000,89.280033
1523213310.700000,85.679991,85.679991,0.000000,0.000000,0.000000,0.000000,85.679991
1523213310.750000,88.739996,88.739996,0.000000,0.000000,0.000000,0.000000,88.739996
1523213310.800000,88.920011,88.920011,0.000000,0.000000,0.000000,0.000000,88.920011
1523213310.850000,89.540000,89.540000,0.000000,0.000000,0.000000,0.000000,89.540000
1523213310.900000,88.820004,88.820004,0.000000,0.000000,0.000000,0.000000,88.820004
1523213310.950000,88.839967,88.839967,0.000000,0.000000,0.000000,0.000000,88.839967
1523213311.000000,88.839986,88.839986,0.000000,0.000000,0.000000,0.000000,88.839986
1523213311.050000,88.060021,88.060021,0.000000,0.000000,0.000000,0.000000,88.060021
1523213311.100000,89.779990,89.779990,0.000000,0.000000,0.000000,0.000000,89.779990
1523213311.150000,86.839996,86.839996,0.000000,0.000000,0.000000,0.000000,86.839996
1523213311.200000,89.319969,89.319969,0.000000,0.000000,0.000000,0.000000,89.319969
1523213311.250000,88.880016,88.880016,0.000000,0.000000,0.000000,0.000000,88.880016
1523213311.300000,89.699994,89.699994,0.000000,0.000000,0.000000,0.000000,89.699994
1523213311.350000,89.479968,89.479968,0.000000,0.000000,0.000000,0.000000,89.479968
1523213311.400000,88.739995,88.739995,0.000000,0.000000,0.000000,0.000000,88.739995
1523213311.450000,89.800019,89.800019,0.000000,0.000000,0.000000,0.000000,89.800019
1523213311.500000,89.400012,89.400012,0.000000,0.000000,0.000000,0.000000,89.400012
1523213311.550000,86.600004,86.600004,0.000000,0.000000,0.000000,0.000000,86.600004
1523213311.600000,88.920010,88.920010,0.000000,0.000000,0.000000,0.000000,88.920010
1523213311.650000,89.519997,89.519997,0.000000,0.000000,0.000000,0.000000,89.519997
1523213311.700000,88.139997,88.139997,0.000000,0.000000,0.000000,0.000000,88.139997
1523213311.750000,89.220017,89.220017,0.000000,0.000000,0.000000,0.000000,89.220017
1523213311.800000,88.840009,88.840009,0.000000,0.000000,0.000000,0.000000,88.840009
1523213311.850000,88.979991,88.979991,0.000000,0.000000,0.000000,0.000000,88.979991
1523213311.900000,88.660039,88.660039,0.000000,0.000000,0.000000,0.000000,88.660039
1523213311.950000,88.240031,88.240031,0.000000,0.000000,0.000000,0.000000,88.240031
1523213312.000000,89.300009,89.300009,0.000000,0.000000,0.000000,0.000000,89.300009
1523213312.050000,87.760005,87.760005,0.000000,0.000000,0.000000,0.000000,87.760005
1523213312.100000,89.079990,89.079990,0.000000,0.000000,0.000000,0.000000,89.079990
1523213312.150000,89.419982,89.419982,0.000000,0.000000,0.000000,0.000000,89.419982
1523213312.200000,89.799997,89.799997,0.000000,0.000000,0.000000,0.000000,89.799997
1523213312.250000,89.260022,89.260022,0.000000,0.000000,0.000000,0.000000,89.260022
1523213312.300000,89.520013,89.520013,0.000000,0.000000,0.000000,0.000000,89.520013
1523213312.350000,89.579962,89.579962,0.000000,0.000000,0.000000,0.000000,89.579962
1523213312.400000,89.800011,89.800011,0.000000,0.000000,0.000000,0.000000,89.800011
1523213312.450000,89.380014,89.380014,0.000000,0.000000,0.000000,0.000000,89.380014
1523213312.500000,89.320022,89.320022,0.000000,0.000000,0.000000,0.000000,89.320022
1523213312.550000,89.539997,89.539997,0.000000,0.000000,0.000000,0.000000,89.539997
1523213312.600000,88.560009,88.560009,0.000000,0.000000,0.000000,0.000000,88.560009
1523213312.650000,89.039997,89.039997,0.000000,0.000000,0.000000,0.000000,89.039997
1523213312.700000,89.019998,89.019998,0.000000,0.000000,0.000000,0.000000,89.019998
1523213312.750000,89.419988,89.419988,0.000000,0.000000,0.000000,0.000000,89.419988
1523213312.800000,89.320068,89.320068,0.000000,0.000000,0.000000,0.000000,89.320068
1523213312.850000,89.020017,89.020017,0.000000,0.000000,0.000000,0.000000,89.020017
1523213312.900000,88.980005,88.980005,0.000000,0.000000,0.000000,0.000000,88.980005
1523213312.950000,89.059983,89.059983,0.000000,0.000000,0.000000,0.000000,89.059983
1523213313.000000,89.599979,89.599979,0.000000,0.000000,0.000000,0.000000,89.599979
1523213313.050000,87.099977,87.099977,0.000000,0.000000,0.000000,0.000000,87.099977
1523213313.100000,89.680000,89.680000,0.000000,0.000000,0.000000,0.000000,89.680000
1523213313.150000,89.380023,89.380023,0.000000,0.000000,0.000000,0.000000,89.380023
1523213313.200000,89.140012,89.140012,0.000000,0.000000,0.000000,0.000000,89.140012
1523213313.250000,88.620013,88.620013,0.000000,0.000000,0.000000,0.000000,88.620013
1523213313.300000,89.139974,89.139974,0.000000,0.000000,0.000000,0.000000,89.139974
1523213313.350000,89.039991,89.039991,0.000000,0.000000,0.000000,0.000000,89.039991
1523213313.400000,89.819995,89.819995,0.000000,0.000000,0.000000,0.000000,89.819995
1523213313.450000,88.959997,88.959997,0.000000,0.000000,0.000000,0.000000,88.959997
1523213313.500000,88.700037,88.700037,0.000000,0.000000,0.000000,0.000000,88.700037
1523213313.550000,87.899984,87.899984,0.000000,0.000000,0.000000,0.000000,87.899984
1523213313.600000,89.359988,89.359988,0.000000,0.000000,0.000000,0.000000,89.359988
1523213313.650000,87.860010,87.860010,0.000000,0.000000,0.000000,0.000000,87.860010
1523213313.700000,89.639977,89.639977,0.000000,0.000000,0.000000,0.000000,89.639977
1523213313.750000,81.419958,81.419958,0.000000,0.000000,0.000000,0.000000,81.419958
1523213313.800000,88.739999,88.739999,0.000000,0.000000,0.000000,0.000000,88.739999
1523213313.850000,89.420067,89.420067,0.000000,0.000000,0.000000,0.000000,89.420067
1523213313.900000,87.260023,87.260023,0.000000,0.000000,0.000000,0.000000,87.260023
1523213313.950000,90.020007,90.020007,0.000000,0.000000,0.000000,0.000000,90.020007
1523213314.000000,87.699988,87.699988,0.000000,0.000000,0.000000,0.000000,87.699988
1523213314.050000,88.800033,88.800033,0.000000,0.000000,0.000000,0.000000,88.800033
1523213314.100000,88.460026,88.460026,0.000000,0.000000,0.000000,0.000000,88.460026
1523213314.150000,88.240024,88.240024,0.000000,0.000000,0.000000,0.000000,88.240024
1523213314.200000,88.940001,88.940001,0.000000,0.000000,0.000000,0.000000,88.940001
1523213314.250000,87.539986,87.539986,0.000000,0.000000,0.000000,0.000000,87.539986
1523213314.300000,88.819961,88.819961,0.000000,0.000000,0.000000,0.000000,88.819961
1523213314.350000,88.659999,88.659999,0.000000,0.000000,0.000000,0.000000,88.659999
1523213314.400000,89.440009,89.440009,0.000000,0.000000,0.000000,0.000000,89.440009
1523213314.450000,87.899981,87.899981,0.000000,0.000000,0.000000,0.000000,87.899981
1523213314.500000,83.219996,83.219996,0.000000,0.000000,0.000000,0.000000,83.219996
1523213314.550000,89.220024,89.220024,0.000000,0.000000,0.000000,0.000000,89.220024
1523213314.600000,88.699997,88.699997,0.000000,0.000000,0.000000,0.000000,88.699997
1523213314.650000,89.339999,89.339999,0.000000,0.000000,0.000000,0.000000,89.339999
1523213314.700000,89.380019,89.380019,0.000000,0.000000,0.000000,0.000000,89.380019
1523213314.750000,88.620040,88.620040,0.000000,0.000000,0.000000,0.000000,88.620040
1523213314.800000,89.740027,89.740027,0.000000,0.000000,0.000000,0.000000,89.740027
1523213314.850000,49.600030,49.600030,0.000000,0.000000,0.000000,0.000000,49.600030
1523213314.900000,0.119999,0.119999,0.000000,0.000000,0.000000,0.000000,0.119999
1523213314.950000,0.019999,0.019999,0.000000,0.000000,0.000000,0.000000,0.019999
1523213315.000000,0.000000,0.000000,0.000000,0.000000,0.000000,0.000000,0.000000
1523213315.050000,0.000000,0.000000,0.000000,0.000000,0.000000,0.000000,0.000000
1523213315.100000,38.479986,38.479986,0.000000,0.000000,0.000000,0.000000,38.479986
1523213315.150000,89.640008,89.640008,0.000000,0.000000,0.000000,0.000000,89.640008
1523213315.200000,88.819980,88.819980,0.000000,0.000000,0.000000,0.000000,88.819980
1523213315.250000,88.419989,88.419989,0.000000,0.000000,0.000000,0.000000,88.419989
1523213315.300000,89.699989,89.699989,0.000000,0.000000,0.000000,0.000000,89.699989
1523213315.350000,89.300003,89.300003,0.000000,0.000000,0.000000,0.000000,89.300003
1523213315.400000,89.700003,89.700003,0.000000,0.000000,0.000000,0.000000,89.700003
1523213315.450000,89.259997,89.259997,0.000000,0.000000,0.000000,0.000000,89.259997
1523213315.500000,89.639970,89.639970,0.000000,0.000000,0.000000,0.000000,89.639970
1523213315.550000,89.739999,89.739999,0.000000,0.000000,0.000000,0.000000,89.739999
1523213315.600000,87.939993,87.939993,0.000000,0.000000,0.000000,0.000000,87.939993
1523213315.650000,88.860015,88.860015,0.000000,0.000000,0.000000,0.000000,88.860015
1523213315.700000,89.220020,89.220020,0.000000,0.000000,0.000000,0.000000,89.220020
1523213315.750000,88.539975,88.539975,0.000000,0.000000,0.000000,0.000000,88.539975
1523213315.800000,89.200012,89.200012,0.000000,0.000000,0.000000,0.000000,89.200012
1523213315.850000,87.779977,87.779977,0.000000,0.000000,0.000000,0.000000,87.779977
1523213315.900000,89.660007,89.660007,0.000000,0.000000,0.000000,0.000000,89.660007
1523213315.950000,87.779990,87.779990,0.000000,0.000000,0.000000,0.000000,87.779990
1523213316.000000,87.100001,87.100001,0.000000,0.000000,0.000000,0.000000,87.100001
1523213316.050000,89.380026,89.380026,0.000000,0.000000,0.000000,0.000000,89.380026
1523213316.100000,88.780003,88.780003,0.000000,0.000000,0.000000,0.000000,88.780003
1523213316.150000,88.620024,88.620024,0.000000,0.000000,0.000000,0.000000,88.620024
1523213316.200000,89.740041,89.740041,0.000000,0.000000,0.000000,0.000000,89.740041
1523213316.250000,89.199975,89.199975,0.000000,0.000000,0.000000,0.000000,89.199975
1523213316.300000,88.899990,88.899990,0.000000,0.000000,0.000000,0.000000,88.899990
1523213316.350000,88.000009,88.000009,0.000000,0.000000,0.000000,0.000000,88.000009
1523213316.400000,88.120016,88.120016,0.000000,0.000000,0.000000,0.000000,88.120016
1523213316.450000,89.319972,89.319972,0.000000,0.000000,0.000000,0.000000,89.319972
1523213316.500000,88.920022,88.920022,0.000000,0.000000,0.000000,0.000000,88.920022
1523213316.550000,89.200003,89.200003,0.000000,0.000000,0.000000,0.000000,89.200003
1523213316.600000,89.619976,89.619976,0.000000,0.000000,0.000000,0.000000,89.619976
1523213316.650000,89.600004,89.600004,0.000000,0.000000,0.000000,0.000000,89.600004
1523213316.700000,89.859993,89.859993,0.000000,0.000000,0.000000,0.000000,89.859993
1523213316.750000,89.780000,89.780000,0.000000,0.000000,0.000000,0.000000,89.780000
1523213316.800000,86.959999,86.959999,0.000000,0.000000,0.000000,0.000000,86.959999
1523213316.850000,87.859995,87.859995,0.000000,0.000000,0.000000,0.000000,87.859995
1523213316.900000,86.620031,86.620031,0.000000,0.000000,0.000000,0.000000,86.620031
1523213316.950000,89.079996,89.079996,0.000000,0.000000,0.000000,0.000000,89.079996
1523213317.000000,88.680000,88.680000,0.000000,0.000000,0.000000,0.000000,88.680000
1523213317.050000,89.719984,89.719984,0.000000,0.000000,0.000000,0.000000,89.719984
1523213317.100000,86.499960,86.499960,0.000000,0.000000,0.000000,0.000000,86.499960
1523213317.150000,89.379996,89.379996,0.000000,0.000000,0.000000,0.000000,89.379996
1523213317.200000,88.419967,88.419967,0.000000,0.000000,0.000000,0.000000,88.419967
1523213317.250000,89.759991,89.759991,0.000000,0.000000,0.000000,0.000000,89.759991
1523213317.300000,89.319983,89.319983,0.000000,0.000000,0.000000,0.000000,89.319983
1523213317.350000,88.979984,88.979984,0.000000,0.000000,0.000000,0.000000,88.979984
1523213317.400000,83.080017,83.080017,0.000000,0.000000,0.000000,0.000000,83.080017
1523213317.450000,81.079989,81.079989,0.000000,0.000000,0.000000,0.000000,81.079989
1523213317.500000,89.219997,89.219997,0.000000,0.000000,0.000000,0.000000,89.219997
1523213317.550000,89.679999,89.679999,0.000000,0.000000,0.000000,0.000000,89.679999
1523213317.600000,89.339992,89.339992,0.000000,0.000000,0.000000,0.000000,89.339992
1523213317.650000,88.479975,88.479975,0.000000,0.000000,0.000000,0.000000,88.479975
1523213317.700000,89.219995,89.219995,0.000000,0.000000,0.000000,0.000000,89.219995
1523213317.750000,88.719966,88.719966,0.000000,0.000000,0.000000,0.000000,88.719966
1523213317.800000,88.340001,88.340001,0.000000,0.000000,0.000000,0.000000,88.340001
1523213317.850000,89.280031,89.280031,0.000000,0.000000,0.000000,0.000000,89.280031
1523213317.900000,89.500012,89.500012,0.000000,0.000000,0.000000,0.000000,89.500012
1523213317.950000,88.079991,88.079991,0.000000,0.000000,0.000000,0.000000,88.079991
1523213318.000000,89.199965,89.199965,0.000000,0.000000,0.000000,0.000000,89.199965
1523213318.050000,88.660012,88.660012,0.000000,0.000000,0.000000,0.000000,88.660012
1523213318.100000,88.700012,88.700012,0.000000,0.000000,0.000000,0.000000,88.700012
1523213318.150000,89.080015,89.080015,0.000000,0.000000,0.000000,0.000000,89.080015
1523213318.200000,89.280007,89.280007,0.000000,0.000000,0.000000,0.000000,89.280007
1523213318.250000,89.540001,89.540001,0.000000,0.000000,0.000000,0.000000,89.540001
1523213318.300000,88.680008,88.680008,0.000000,0.000000,0.000000,0.000000,88.680008
1523213318.350000,86.519980,86.519980,0.000000,0.000000,0.000000,0.000000,86.519980
1523213318.400000,87.880024,87.880024,0.000000,0.000000,0.000000,0.000000,87.880024
1523213318.450000,89.500024,89.500024,0.000000,0.000000,0.000000,0.000000,89.500024
1523213318.500000,89.140013,89.140013,0.000000,0.000000,0.000000,0.000000,89.140013
1523213318.550000,87.840015,87.840015,0.000000,0.000000,0.000000,0.000000,87.840015
1523213318.600000,89.240015,89.240015,0.000000,0.000000,0.000000,0.000000,89.240015
1523213318.650000,89.660013,89.660013,0.000000,0.000000,0.000000,0.000000,89.660013
1523213318.700000,89.579979,89.579979,0.000000,0.000000,0.000000,0.000000,89.579979
1523213318.750000,88.860006,88.860006,0.000000,0.000000,0.000000,0.000000,88.860006
1523213318.800000,89.520005,89.520005,0.000000,0.000000,0.000000,0.000000,89.520005
1523213318.850000,88.739984,88.739984,0.000000,0.000000,0.000000,0.000000,88.739984
1523213318.900000,89.840029,89.840029,0.000000,0.000000,0.000000,0.000000,89.840029
1523213318.950000,89.579999,89.579999,0.000000,0.000000,0.000000,0.000000,89.579999
1523213319.000000,89.780002,89.780002,0.000000,0.000000,0.000000,0.000000,89.780002
1523213319.050000,88.880009,88.880009,0.000000,0.000000,0.000000,0.000000,88.880009
1523213319.100000,89.599989,89.599989,0.000000,0.000000,0.000000,0.000000,89.599989
1523213319.150000,88.999990,88.999990,0.000000,0.000000,0.000000,0.000000,88.999990
1523213319.200000,88.740009,88.740009,0.000000,0.000000,0.000000,0.000000,88.740009
1523213319.250000,89.200005,89.200005,0.000000,0.000000,0.000000,0.000000,89.200005
1523213319.300000,89.740025,89.740025,0.000000,0.000000,0.000000,0.000000,89.740025
1523213319.350000,89.120046,89.120046,0.000000,0.000000,0.000000,0.000000,89.120046
1523213319.400000,88.700009,88.700009,0.000000,0.000000,0.000000,0.000000,88.700009
1523213319.450000,87.819985,87.819985,0.000000,0.000000,0.000000,0.000000,87.819985
1523213319.500000,89.800000,89.800000,0.000000,0.000000,0.000000,0.000000,89.800000
1523213319.550000,89.520003,89.520003,0.000000,0.000000,0.000000,0.000000,89.520003
1523213319.600000,89.279988,89.279988,0.000000,0.000000,0.000000,0.000000,89.279988
1523213319.650000,89.060038,89.060038,0.000000,0.000000,0.000000,0.000000,89.060038
1523213319.700000,88.179984,88.179984,0.000000,0.000000,0.000000,0.000000,88.179984
1523213319.750000,87.720001,87.720001,0.000000,0.000000,0.000000,0.000000,87.720001
1523213319.800000,86.559994,86.559994,0.000000,0.000000,0.000000,0.000000,86.559994
1523213319.850000,89.439997,89.439997,0.000000,0.000000,0.000000,0.000000,89.439997
1523213319.900000,86.959973,86.959973,0.000000,0.000000,0.000000,0.000000,86.959973
1523213319.950000,89.679998,89.679998,0.000000,0.000000,0.000000,0.000000,89.679998
1523213320.000000,88.179991,88.179991,0.000000,0.000000,0.000000,0.000000,88.179991
1523213320.050000,89.720008,89.720008,0.000000,0.000000,0.000000,0.000000,89.720008
1523213320.100000,90.020004,90.020004,0.000000,0.000000,0.000000,0.000000,90.020004
1523213320.150000,89.879992,89.879992,0.000000,0.000000,0.000000,0.000000,89.879992
1523213320.200000,90.039996,90.039996,0.000000,0.000000,0.000000,0.000000,90.039996
1523213320.250000,89.640014,89.640014,0.000000,0.000000,0.000000,0.000000,89.640014
1523213320.300000,88.640031,88.640031,0.000000,0.000000,0.000000,0.000000,88.640031
1523213320.350000,88.259980,88.259980,0.000000,0.000000,0.000000,0.000000,88.259980
1523213320.400000,89.360006,89.360006,0.000000,0.000000,0.000000,0.000000,89.360006
1523213320.450000,87.899983,87.899983,0.000000,0.000000,0.000000,0.000000,87.899983
1523213320.500000,89.060005,89.060005,0.000000,0.000000,0.000000,0.000000,89.060005
1523213320.550000,89.400002,89.400002,0.000000,0.000000,0.000000,0.000000,89.400002
1523213320.600000,88.640002,88.640002,0.000000,0.000000,0.000000,0.000000,88.640002
1523213320.650000,88.199992,88.199992,0.000000,0.000000,0.000000,0.000000,88.199992
1523213320.700000,89.360011,89.360011,0.000000,0.000000,0.000000,0.000000,89.360011
1523213320.750000,89.239973,89.239973,0.000000,0.000000,0.000000,0.000000,89.239973
1523213320.800000,88.319968,88.319968,0.000000,0.000000,0.000000,0.000000,88.319968
1523213320.850000,88.319984,88.319984,0.000000,0.000000,0.000000,0.000000,88.319984
1523213320.900000,89.420014,89.420014,0.000000,0.000000,0.000000,0.000000,89.420014
1523213320.950000,89.439999,89.439999,0.000000,0.000000,0.000000,0.000000,89.439999
1523213321.000000,89.459986,89.459986,0.000000,0.000000,0.000000,0.000000,89.459986
1523213321.050000,88.120016,88.120016,0.000000,0.000000,0.000000,0.000000,88.120016
1523213321.100000,89.120008,89.120008,0.000000,0.000000,0.000000,0.000000,89.120008
1523213321.150000,89.540032,89.540032,0.000000,0.000000,0.000000,0.000000,89.540032
1523213321.200000,89.019992,89.019992,0.000000,0.000000,0.000000,0.000000,89.019992
1523213321.250000,89.659976,89.659976,0.000000,0.000000,0.000000,0.000000,89.659976
1523213321.300000,88.739994,88.739994,0.000000,0.000000,0.000000,0.000000,88.739994
1523213321.350000,89.899986,89.899986,0.000000,0.000000,0.000000,0.000000,89.899986
1523213321.400000,89.639997,89.639997,0.000000,0.000000,0.000000,0.000000,89.639997
1523213321.450000,89.280015,89.280015,0.000000,0.000000,0.000000,0.000000,89.280015
1523213321.500000,89.660017,89.660017,0.000000,0.000000,0.000000,0.000000,89.660017
1523213321.550000,89.039957,89.039957,0.000000,0.000000,0.000000,0.000000,89.039957
1523213321.600000,84.740039,84.740039,0.000000,0.000000,0.000000,0.000000,84.740039
1523213321.650000,88.700018,88.700018,0.000000,0.000000,0.000000,0.000000,88.700018
1523213321.700000,89.620000,89.620000,0.000000,0.000000,0.000000,0.000000,89.620000
1523213321.750000,89.459989,89.459989,0.000000,0.000000,0.000000,0.000000,89.459989
1523213321.800000,87.879951,87.879951,0.000000,0.000000,0.000000,0.000000,87.879951
1523213321.850000,89.879980,89.879980,0.000000,0.000000,0.000000,0.000000,89.879980
1523213321.900000,88.700029,88.700029,0.000000,0.000000,0.000000,0.000000,88.700029
1523213321.950000,89.140012,89.140012,0.000000,0.000000,0.000000,0.000000,89.140012
1523213322.000000,89.199983,89.199983,0.000000,0.000000,0.000000,0.000000,89.199983
1523213322.050000,89.700035,89.700035,0.000000,0.000000,0.000000,0.000000,89.700035
1523213322.100000,89.720000,89.720000,0.000000,0.000000,0.000000,0.000000,89.720000
1523213322.150000,89.119993,89.119993,0.000000,0.000000,0.000000,0.000000,89.119993
1523213322.200000,85.339995,85.339995,0.000000,0.000000,0.000000,0.000000,85.339995
1523213322.250000,88.180025,88.180025,0.000000,0.000000,0.000000,0.000000,88.180025
1523213322.300000,89.140020,89.140020,0.000000,0.000000,0.000000,0.000000,89.140020
1523213322.350000,88.199977,88.199977,0.000000,0.000000,0.000000,0.000000,88.199977
1523213322.400000,89.400025,89.400025,0.000000,0.000000,0.000000,0.000000,89.400025
1523213322.450000,87.940011,87.940011,0.000000,0.000000,0.000000,0.000000,87.940011
1523213322.500000,89.859993,89.859993,0.000000,0.000000,0.000000,0.000000,89.859993
1523213322.550000,88.759993,88.759993,0.000000,0.000000,0.000000,0.000000,88.759993
1523213322.600000,89.559976,89.559976,0.000000,0.000000,0.000000,0.000000,89.559976
1523213322.650000,89.399982,89.399982,0.000000,0.000000,0.000000,0.000000,89.399982
1523213322.700000,88.959984,88.959984,0.000000,0.000000,0.000000,0.000000,88.959984
1523213322.750000,88.219992,88.219992,0.000000,0.000000,0.000000,0.000000,88.219992
1523213322.800000,88.099983,88.099983,0.000000,0.000000,0.000000,0.000000,88.099983
1523213322.850000,88.780006,88.780006,0.000000,0.000000,0.000000,0.000000,88.780006
1523213322.900000,89.240026,89.240026,0.000000,0.000000,0.000000,0.000000,89.240026
1523213322.950000,89.000004,89.000004,0.000000,0.000000,0.000000,0.000000,89.000004
1523213323.000000,88.979997,88.979997,0.000000,0.000000,0.000000,0.000000,88.979997
1523213323.050000,89.580019,89.580019,0.000000,0.000000,0.000000,0.000000,89.580019
1523213323.100000,89.480002,89.480002,0.000000,0.000000,0.000000,0.000000,89.480002
1523213323.150000,88.820014,88.820014,0.000000,0.000000,0.000000,0.000000,88.820014
1523213323.200000,89.119989,89.119989,0.000000,0.000000,0.000000,0.000000,89.119989
1523213323.250000,88.299994,88.299994,0.000000,0.000000,0.000000,0.000000,88.299994
1523213323.300000,88.919975,88.919975,0.000000,0.000000,0.000000,0.000000,88.919975
1523213323.350000,89.459980,89.459980,0.000000,0.000000,0.000000,0.000000,89.459980
1523213323.400000,89.479979,89.479979,0.000000,0.000000,0.000000,0.000000,89.479979
1523213323.450000,87.679991,87.679991,0.000000,0.000000,0.000000,0.000000,87.679991
1523213323.500000,88.159987,88.159987,0.000000,0.000000,0.000000,0.000000,88.159987
1523213323.550000,89.980011,89.980011,0.000000,0.000000,0.000000,0.000000,89.980011
1523213323.600000,87.959992,87.959992,0.000000,0.000000,0.000000,0.000000,87.959992
1523213323.650000,89.139979,89.139979,0.000000,0.000000,0.000000,0.000000,89.139979
1523213323.700000,89.200013,89.200013,0.000000,0.000000,0.000000,0.000000,89.200013
1523213323.750000,89.419983,89.419983,0.000000,0.000000,0.000000,0.000000,89.419983
1523213323.800000,89.060010,89.060010,0.000000,0.000000,0.000000,0.000000,89.060010
1523213323.850000,89.499986,89.499986,0.000000,0.000000,0.000000,0.000000,89.499986
1523213323.900000,89.120000,89.120000,0.000000,0.000000,0.000000,0.000000,89.120000
1523213323.950000,88.439967,88.439967,0.000000,0.000000,0.000000,0.000000,88.439967
1523213324.000000,89.920023,89.920023,0.000000,0.000000,0.000000,0.000000,89.920023
1523213324.050000,88.799986,88.799986,0.000000,0.000000,0.000000,0.000000,88.799986
1523213324.100000,89.560003,89.560003,0.000000,0.000000,0.000000,0.000000,89.560003
1523213324.150000,88.499998,88.499998,0.000000,0.000000,0.000000,0.000000,88.499998
1523213324.200000,87.960000,87.960000,0.000000,0.000000,0.000000,0.000000,87.960000
1523213324.250000,88.419971,88.419971,0.000000,0.000000,0.000000,0.000000,88.419971
1523213324.300000,88.100026,88.100026,0.000000,0.000000,0.000000,0.000000,88.100026
1523213324.350000,89.459996,89.459996,0.000000,0.000000,0.000000,0.000000,89.459996
1523213324.400000,88.620018,88.620018,0.000000,0.000000,0.000000,0.000000,88.620018
1523213324.450000,87.839989,87.839989,0.000000,0.000000,0.000000,0.000000,87.839989
1523213324.500000,86.580004,86.580004,0.000000,0.000000,0.000000,0.000000,86.580004
1523213324.550000,88.899997,88.899997,0.000000,0.000000,0.000000,0.000000,88.899997
1523213324.600000,89.240010,89.240010,0.000000,0.000000,0.000000,0.000000,89.240010
1523213324.650000,89.000003,89.000003,0.000000,0.000000,0.000000,0.000000,89.000003
1523213324.700000,89.440007,89.440007,0.000000,0.000000,0.000000,0.000000,89.440007
1523213324.750000,89.259958,89.259958,0.000000,0.000000,0.000000,0.000000,89.259958
1523213324.800000,87.880032,87.880032,0.000000,0.000000,0.000000,0.000000,87.880032
1523213324.850000,89.359983,89.359983,0.000000,0.000000,0.000000,0.000000,89.359983
1523213324.900000,87.820045,87.820045,0.000000,0.000000,0.000000,0.000000,87.820045
1523213324.950000,89.559981,89.559981,0.000000,0.000000,0.000000,0.000000,89.559981
1523213325.000000,87.859982,87.859982,0.000000,0.000000,0.000000,0.000000,87.859982
1523213325.050000,88.660009,88.660009,0.000000,0.000000,0.000000,0.000000,88.660009
1523213325.100000,89.319994,89.319994,0.000000,0.000000,0.000000,0.000000,89.319994
1523213325.150000,87.600028,87.600028,0.000000,0.000000,0.000000,0.000000,87.600028
1523213325.200000,89.379992,89.379992,0.000000,0.000000,0.000000,0.000000,89.379992
1523213325.250000,89.540043,89.540043,0.000000,0.000000,0.000000,0.000000,89.540043
1523213325.300000,89.799991,89.799991,0.000000,0.000000,0.000000,0.000000,89.799991
1523213325.350000,87.820010,87.820010,0.000000,0.000000,0.000000,0.000000,87.820010
1523213325.400000,86.539966,86.539966,0.000000,0.000000,0.000000,0.000000,86.539966
1523213325.450000,89.279995,89.279995,0.000000,0.000000,0.000000,0.000000,89.279995
1523213325.500000,89.520000,89.520000,0.000000,0.000000,0.000000,0.000000,89.520000
1523213325.550000,88.940005,88.940005,0.000000,0.000000,0.000000,0.000000,88.940005
1523213325.600000,89.259991,89.259991,0.000000,0.000000,0.000000,0.000000,89.259991
1523213325.650000,88.800002,88.800002,0.000000,0.000000,0.000000,0.000000,88.800002
1523213325.700000,89.159989,89.159989,0.000000,0.000000,0.000000,0.000000,89.159989
1523213325.750000,88.980010,88.980010,0.000000,0.000000,0.000000,0.000000,88.980010
1523213325.800000,89.360022,89.360022,0.000000,0.000000,0.000000,0.000000,89.360022
1523213325.850000,89.660007,89.660007,0.000000,0.000000,0.000000,0.000000,89.660007
1523213325.900000,89.460044,89.460044,0.000000,0.000000,0.000000,0.000000,89.460044
1523213325.950000,88.700031,88.700031,0.000000,0.000000,0.000000,0.000000,88.700031
1523213326.000000,89.259969,89.259969,0.000000,0.000000,0.000000,0.000000,89.259969
1523213326.050000,89.820010,89.820010,0.000000,0.000000,0.000000,0.000000,89.820010
1523213326.100000,88.739969,88.739969,0.000000,0.000000,0.000000,0.000000,88.739969
1523213326.150000,89.639996,89.639996,0.000000,0.000000,0.000000,0.000000,89.639996
1523213326.200000,89.719981,89.719981,0.000000,0.000000,0.000000,0.000000,89.719981
1523213326.250000,89.759989,89.759989,0.000000,0.000000,0.000000,0.000000,89.759989
1523213326.300000,89.640008,89.640008,0.000000,0.000000,0.000000,0.000000,89.640008
1523213326.350000,88.119963,88.119963,0.000000,0.000000,0.000000,0.000000,88.119963
1523213326.400000,89.000006,89.000006,0.000000,0.000000,0.000000,0.000000,89.000006
1523213326.450000,88.160005,88.160005,0.000000,0.000000,0.000000,0.000000,88.160005
1523213326.500000,88.979952,88.979952,0.000000,0.000000,0.000000,0.000000,88.979952
1523213326.550000,88.299981,88.299981,0.000000,0.000000,0.000000,0.000000,88.299981
1523213326.600000,89.539993,89.539993,0.000000,0.000000,0.000000,0.000000,89.539993
1523213326.650000,89.519984,89.519984,0.000000,0.000000,0.000000,0.000000,89.519984
1523213326.700000,89.499995,89.499995,0.000000,0.000000,0.000000,0.000000,89.499995
1523213326.750000,89.100012,89.100012,0.000000,0.000000,0.000000,0.000000,89.100012
1523213326.800000,87.159992,87.159992,0.000000,0.000000,0.000000,0.000000,87.159992
1523213326.850000,88.219957,88.219957,0.000000,0.000000,0.000000,0.000000,88.219957
1523213326.900000,89.259997,89.259997,0.000000,0.000000,0.000000,0.000000,89.259997
1523213326.950000,89.560005,89.560005,0.000000,0.000000,0.000000,0.000000,89.560005
1523213327.000000,88.820030,88.820030,0.000000,0.000000,0.000000,0.000000,88.820030
1523213327.050000,89.700003,89.700003,0.000000,0.000000,0.000000,0.000000,89.700003
1523213327.100000,88.600019,88.600019,0.000000,0.000000,0.000000,0.000000,88.600019
1523213327.150000,88.200006,88.200006,0.000000,0.000000,0.000000,0.000000,88.200006
1523213327.200000,89.220017,89.220017,0.000000,0.000000,0.000000,0.000000,89.220017
1523213327.250000,88.360006,88.360006,0.000000,0.000000,0.000000,0.000000,88.360006
1523213327.300000,89.600001,89.600001,0.000000,0.000000,0.000000,0.000000,89.600001
1523213327.350000,89.539993,89.539993,0.000000,0.000000,0.000000,0.000000,89.539993
1523213327.400000,88.739980,88.739980,0.000000,0.000000,0.000000,0.000000,88.739980
1523213327.450000,87.519979,87.519979,0.000000,0.000000,0.000000,0.000000,87.519979
1523213327.500000,89.180001,89.180001,0.000000,0.000000,0.000000,0.000000,89.180001
1523213327.550000,88.560052,88.560052,0.000000,0.000000,0.000000,0.000000,88.560052
1523213327.600000,88.959991,88.959991,0.000000,0.000000,0.000000,0.000000,88.959991
1523213327.650000,88.740013,88.740013,0.000000,0.000000,0.000000,0.000000,88.740013
1523213327.700000,89.479994,89.479994,0.000000,0.000000,0.000000,0.000000,89.479994
1523213327.750000,86.799992,86.799992,0.000000,0.000000,0.000000,0.000000,86.799992
1523213327.800000,89.640012,89.640012,0.000000,0.000000,0.000000,0.000000,89.640012
1523213327.850000,89.920030,89.920030,0.000000,0.000000,0.000000,0.000000,89.920030
1523213327.900000,89.140021,89.140021,0.000000,0.000000,0.000000,0.000000,89.140021
1523213327.950000,89.119988,89.119988,0.000000,0.000000,0.000000,0.000000,89.119988
1523213328.000000,88.739995,88.739995,0.000000,0.000000,0.000000,0.000000,88.739995
1523213328.050000,88.320050,88.320050,0.000000,0.000000,0.000000,0.000000,88.320050
1523213328.100000,89.299995,89.299995,0.000000,0.000000,0.000000,0.000000,89.299995
1523213328.150000,89.680007,89.680007,0.000000,0.000000,0.000000,0.000000,89.680007
1523213328.200000,87.680008,87.680008,0.000000,0.000000,0.000000,0.000000,87.680008
1523213328.250000,89.320012,89.320012,0.000000,0.000000,0.000000,0.000000,89.320012
1523213328.300000,85.220014,85.220014,0.000000,0.000000,0.000000,0.000000,85.220014
1523213328.350000,88.499989,88.499989,0.000000,0.000000,0.000000,0.000000,88.499989
1523213328.400000,82.399998,82.399998,0.000000,0.000000,0.000000,0.000000,82.399998
1523213328.450000,88.759995,88.759995,0.000000,0.000000,0.000000,0.000000,88.759995
1523213328.500000,87.859982,87.859982,0.000000,0.000000,0.000000,0.000000,87.859982
1523213328.550000,88.220007,88.220007,0.000000,0.000000,0.000000,0.000000,88.220007
1523213328.600000,89.540031,89.540031,0.000000,0.000000,0.000000,0.000000,89.540031
1523213328.650000,89.619999,89.619999,0.000000,0.000000,0.000000,0.000000,89.619999
1523213328.700000,89.200050,89.200050,0.000000,0.000000,0.000000,0.000000,89.200050
1523213328.750000,89.280001,89.280001,0.000000,0.000000,0.000000,0.000000,89.280001
1523213328.800000,89.520023,89.520023,0.000000,0.000000,0.000000,0.000000,89.520023
1523213328.850000,89.719991,89.719991,0.000000,0.000000,0.000000,0.000000,89.719991
1523213328.900000,89.140014,89.140014,0.000000,0.000000,0.000000,0.000000,89.140014
1523213328.950000,88.220023,88.220023,0.000000,0.000000,0.000000,0.000000,88.220023
1523213329.000000,88.619994,88.619994,0.000000,0.000000,0.000000,0.000000,88.619994
1523213329.050000,89.100001,89.100001,0.000000,0.000000,0.000000,0.000000,89.100001
1523213329.100000,89.160016,89.160016,0.000000,0.000000,0.000000,0.000000,89.160016
1523213329.150000,88.820035,88.820035,0.000000,0.000000,0.000000,0.000000,88.820035
1523213329.200000,89.800018,89.800018,0.000000,0.000000,0.000000,0.000000,89.800018
1523213329.250000,89.339993,89.339993,0.000000,0.000000,0.000000,0.000000,89.339993
1523213329.300000,89.560005,89.560005,0.000000,0.000000,0.000000,0.000000,89.560005
1523213329.350000,87.260001,87.260001,0.000000,0.000000,0.000000,0.000000,87.260001
1523213329.400000,88.900041,88.900041,0.000000,0.000000,0.000000,0.000000,88.900041
1523213329.450000,89.319994,89.319994,0.000000,0.000000,0.000000,0.000000,89.319994
1523213329.500000,88.340000,88.340000,0.000000,0.000000,0.000000,0.000000,88.340000
1523213329.550000,88.620003,88.620003,0.000000,0.000000,0.000000,0.000000,88.620003
1523213329.600000,89.679990,89.679990,0.000000,0.000000,0.000000,0.000000,89.679990
1523213329.650000,89.000010,89.000010,0.000000,0.000000,0.000000,0.000000,89.000010
1523213329.700000,89.820012,89.820012,0.000000,0.000000,0.000000,0.000000,89.820012
1523213329.750000,88.399961,88.399961,0.000000,0.000000,0.000000,0.000000,88.399961
1523213329.800000,87.640016,87.640016,0.000000,0.000000,0.000000,0.000000,87.640016
1523213329.850000,88.279994,88.279994,0.000000,0.000000,0.000000,0.000000,88.279994
1523213329.900000,89.620008,89.620008,0.000000,0.000000,0.000000,0.000000,89.620008
1523213329.950000,87.559955,87.559955,0.000000,0.000000,0.000000,0.000000,87.559955
1523213330.000000,82.059995,82.059995,0.000000,0.000000,0.000000,0.000000,82.059995
1523213330.050000,88.380036,88.380036,0.000000,0.000000,0.000000,0.000000,88.380036
1523213330.100000,88.639995,88.639995,0.000000,0.000000,0.000000,0.000000,88.639995
1523213330.150000,89.119998,89.119998,0.000000,0.000000,0.000000,0.000000,89.119998
1523213330.200000,85.440018,85.440018,0.000000,0.000000,0.000000,0.000000,85.440018
1523213330.250000,89.480008,89.480008,0.000000,0.000000,0.000000,0.000000,89.480008
1523213330.300000,89.839993,89.839993,0.000000,0.000000,0.000000,0.000000,89.839993
1523213330.350000,89.740015,89.740015,0.000000,0.000000,0.000000,0.000000,89.740015
1523213330.400000,89.080004,89.080004,0.000000,0.000000,0.000000,0.000000,89.080004
1523213330.450000,89.559954,89.559954,0.000000,0.000000,0.000000,0.000000,89.559954
1523213330.500000,88.419969,88.419969,0.000000,0.000000,0.000000,0.000000,88.419969
1523213330.550000,89.699996,89.699996,0.000000,0.000000,0.000000,0.000000,89.699996
1523213330.600000,88.720002,88.720002,0.000000,0.000000,0.000000,0.000000,88.720002
1523213330.650000,89.520003,89.520003,0.000000,0.000000,0.000000,0.000000,89.520003
1523213330.700000,89.420002,89.420002,0.000000,0.000000,0.000000,0.000000,89.420002
1523213330.750000,86.819992,86.819992,0.000000,0.000000,0.000000,0.000000,86.819992
1523213330.800000,89.100013,89.100013,0.000000,0.000000,0.000000,0.000000,89.100013
1523213330.850000,89.260020,89.260020,0.000000,0.000000,0.000000,0.000000,89.260020
1523213330.900000,89.579981,89.579981,0.000000,0.000000,0.000000,0.000000,89.579981
1523213330.950000,89.480000,89.480000,0.000000,0.000000,0.000000,0.000000,89.480000
1523213331.000000,88.840018,88.840018,0.000000,0.000000,0.000000,0.000000,88.840018
1523213331.050000,89.600002,89.600002,0.000000,0.000000,0.000000,0.000000,89.600002
1523213331.100000,88.340000,88.340000,0.000000,0.000000,0.000000,0.000000,88.340000
1523213331.150000,89.099990,89.099990,0.000000,0.000000,0.000000,0.000000,89.099990
1523213331.200000,88.619987,88.619987,0.000000,0.000000,0.000000,0.000000,88.619987
1523213331.250000,89.739994,89.739994,0.000000,0.000000,0.000000,0.000000,89.739994
1523213331.300000,89.580026,89.580026,0.000000,0.000000,0.000000,0.000000,89.580026
1523213331.350000,89.880003,89.880003,0.000000,0.000000,0.000000,0.000000,89.880003
1523213331.400000,89.420021,89.420021,0.000000,0.000000,0.000000,0.000000,89.420021
1523213331.450000,88.479976,88.479976,0.000000,0.000000,0.000000,0.000000,88.479976
1523213331.500000,89.639984,89.639984,0.000000,0.000000,0.000000,0.000000,89.639984
1523213331.550000,88.599996,88.599996,0.000000,0.000000,0.000000,0.000000,88.599996
1523213331.600000,88.819989,88.819989,0.000000,0.000000,0.000000,0.000000,88.819989
1523213331.650000,88.800020,88.800020,0.000000,0.000000,0.000000,0.000000,88.800020
1523213331.700000,88.819986,88.819986,0.000000,0.000000,0.000000,0.000000,88.819986
1523213331.750000,89.319992,89.319992,0.000000,0.000000,0.000000,0.000000,89.319992
1523213331.800000,88.980039,88.980039,0.000000,0.000000,0.000000,0.000000,88.980039
1523213331.850000,89.040013,89.040013,0.000000,0.000000,0.000000,0.000000,89.040013
1523213331.900000,89.220005,89.220005,0.000000,0.000000,0.000000,0.000000,89.220005
1523213331.950000,89.399980,89.399980,0.000000,0.000000,0.000000,0.000000,89.399980
1523213332.000000,89.739972,89.739972,0.000000,0.000000,0.000000,0.000000,89.739972
1523213332.050000,89.279986,89.279986,0.000000,0.000000,0.000000,0.000000,89.279986
1523213332.100000,89.699996,89.699996,0.000000,0.000000,0.000000,0.000000,89.699996
1523213332.150000,89.420024,89.420024,0.000000,0.000000,0.000000,0.000000,89.420024
1523213332.200000,89.340021,89.340021,0.000000,0.000000,0.000000,0.000000,89.340021
1523213332.250000,89.540031,89.540031,0.000000,0.000000,0.000000,0.000000,89.540031
1523213332.300000,89.399991,89.399991,0.000000,0.000000,0.000000,0.000000,89.399991
1523213332.350000,89.459980,89.459980,0.000000,0.000000,0.000000,0.000000,89.459980
1523213332.400000,88.919973,88.919973,0.000000,0.000000,0.000000,0.000000,88.919973
1523213332.450000,88.940026,88.940026,0.000000,0.000000,0.000000,0.000000,88.940026
1523213332.500000,88.420041,88.420041,0.000000,0.000000,0.000000,0.000000,88.420041
1523213332.550000,82.899977,82.899977,0.000000,0.000000,0.000000,0.000000,82.899977
1523213332.600000,89.520009,89.520009,0.000000,0.000000,0.000000,0.000000,89.520009
1523213332.650000,89.140018,89.140018,0.000000,0.000000,0.000000,0.000000,89.140018
1523213332.700000,89.280020,89.280020,0.000000,0.000000,0.000000,0.000000,89.280020
1523213332.750000,89.140011,89.140011,0.000000,0.000000,0.000000,0.000000,89.140011
1523213332.800000,88.399960,88.399960,0.000000,0.000000,0.000000,0.000000,88.399960
1523213332.850000,89.340002,89.340002,0.000000,0.000000,0.000000,0.000000,89.340002
1523213332.900000,88.480011,88.480011,0.000000,0.000000,0.000000,0.000000,88.480011
1523213332.950000,89.660003,89.660003,0.000000,0.000000,0.000000,0.000000,89.660003
1523213333.000000,88.960004,88.960004,0.000000,0.000000,0.000000,0.000000,88.960004
1523213333.050000,88.039979,88.039979,0.000000,0.000000,0.000000,0.000000,88.039979
1523213333.100000,88.699969,88.699969,0.000000,0.000000,0.000000,0.000000,88.699969
1523213333.150000,87.759973,87.759973,0.000000,0.000000,0.000000,0.000000,87.759973
1523213333.200000,89.319988,89.319988,0.000000,0.000000,0.000000,0.000000,89.319988
1523213333.250000,89.699991,89.699991,0.000000,0.000000,0.000000,0.000000,89.699991
1523213333.300000,89.380013,89.380013,0.000000,0.000000,0.000000,0.000000,89.380013
1523213333.350000,89.560019,89.560019,0.000000,0.000000,0.000000,0.000000,89.560019
1523213333.400000,88.799984,88.799984,0.000000,0.000000,0.000000,0.000000,88.799984
1523213333.450000,89.480003,89.480003,0.000000,0.000000,0.000000,0.000000,89.480003
1523213333.500000,88.699968,88.699968,0.000000,0.000000,0.000000,0.000000,88.699968
1523213333.550000,89.220020,89.220020,0.000000,0.000000,0.000000,0.000000,89.220020
1523213333.600000,87.380046,87.380046,0.000000,0.000000,0.000000,0.000000,87.380046
1523213333.650000,88.679971,88.679971,0.000000,0.000000,0.000000,0.000000,88.679971
1523213333.700000,87.359976,87.359976,0.000000,0.000000,0.000000,0.000000,87.359976
1523213333.750000,89.620008,89.620008,0.000000,0.000000,0.000000,0.000000,89.620008
1523213333.800000,88.140023,88.140023,0.000000,0.000000,0.000000,0.000000,88.140023
1523213333.850000,88.339998,88.339998,0.000000,0.000000,0.000000,0.000000,88.339998
1523213333.900000,89.260002,89.260002,0.000000,0.000000,0.000000,0.000000,89.260002
1523213333.950000,89.779999,89.779999,0.000000,0.000000,0.000000,0.000000,89.779999
1523213334.000000,88.380007,88.380007,0.000000,0.000000,0.000000,0.820000,87.560007
1523213334.050000,89.440002,89.440002,0.000000,0.000000,0.000000,1.000000,88.440002
1523213334.100000,89.599996,89.599996,0.000000,0.000000,0.000000,1.000000,88.599996
1523213334.150000,89.220009,89.220009,0.000000,0.000000,0.000000,1.000000,88.220009
1523213334.200000,89.020007,89.020007,0.000000,0.000000,0.000000,1.000000,88.020007
1523213334.250000,89.579996,89.579996,0.000000,0.000000,0.000000,1.000000,88.579996
1523213334.300000,89.699994,89.699994,0.000000,0.000000,0.000000,1.000000,88.699994
1523213334.350000,88.820008,88.820008,0.000000,0.000000,0.000000,1.000000,87.820008
1523213334.400000,89.199982,89.199982,0.000000,0.000000,0.000000,1.000000,88.199982
1523213334.450000,89.459987,89.459987,0.000000,0.000000,0.000000,1.000000,88.459987
1523213334.500000,89.460004,89.460004,0.000000,0.000000,0.000000,1.000000,88.460004
1523213334.550000,89.259993,89.259993,0.000000,0.000000,0.000000,1.000000,88.259993
1523213334.600000,89.719995,89.719995,0.000000,0.000000,0.000000,1.000000,88.719995
1523213334.650000,89.640002,89.640002,0.000000,0.000000,0.000000,1.000000,88.640002
1523213334.700000,87.759984,87.759984,0.000000,0.000000,0.000000,1.000000,86.759984
1523213334.750000,89.620007,89.620007,0.000000,0.000000,0.000000,1.000000,88.620007
1523213334.800000,89.400006,89.400006,0.000000,0.000000,0.000000,1.000000,88.400006
1523213334.850000,88.660048,88.660048,0.000000,0.000000,0.000000,1.000000,87.660048
1523213334.900000,89.120009,89.120009,0.000000,0.000000,0.000000,1.000000,88.120009
1523213334.950000,88.620024,88.620024,0.000000,0.000000,0.000000,1.000000,87.620024
1523213335.000000,89.519991,89.519991,0.000000,0.000000,0.000000,1.000000,88.519991
1523213335.050000,89.619976,89.619976,0.000000,0.000000,0.000000,1.000000,88.619976
1523213335.100000,89.319984,89.319984,0.000000,0.000000,0.000000,1.000000,88.319984
1523213335.150000,89.300010,89.300010,0.000000,0.000000,0.000000,1.000000,88.300010
1523213335.200000,89.040005,89.040005,0.000000,0.000000,0.000000,1.000000,88.040005
1523213335.250000,89.359990,89.359990,0.000000,0.000000,0.000000,1.000000,88.359990
1523213335.300000,87.979999,87.979999,0.000000,0.000000,0.000000,1.000000,86.979999
1523213335.350000,88.300025,88.300025,0.000000,0.000000,0.000000,1.000000,87.300025
1523213335.400000,89.840013,89.840013,0.000000,0.000000,0.000000,1.000000,88.840013
1523213335.450000,88.700005,88.700005,0.000000,0.000000,0.000000,1.000000,87.700005
1523213335.500000,88.620003,88.620003,0.000000,0.000000,0.000000,1.000000,87.620003
1523213335.550000,89.100026,89.100026,0.000000,0.000000,0.000000,1.000000,88.100026
1523213335.600000,89.059974,89.059974,0.000000,0.000000,0.000000,1.000000,88.059974
1523213335.650000,88.360010,88.360010,0.000000,0.000000,0.000000,1.000000,87.360010
1523213335.700000,89.380019,89.380019,0.000000,0.000000,0.000000,1.000000,88.380019
1523213335.750000,89.280025,89.280025,0.000000,0.000000,0.000000,1.000000,88.280025
1523213335.800000,89.260024,89.260024,0.000000,0.000000,0.000000,1.000000,88.260024
1523213335.850000,89.639969,89.639969,0.000000,0.000000,0.000000,1.000000,88.639969
1523213335.900000,89.239954,89.239954,0.000000,0.000000,0.000000,1.000000,88.239954
1523213335.950000,87.879972,87.879972,0.000000,0.000000,0.000000,1.000000,86.879972
1523213336.000000,88.960043,88.960043,0.000000,0.000000,0.000000,1.000000,87.960043
1523213336.050000,88.660005,88.660005,0.000000,0.000000,0.000000,1.000000,87.660005
1523213336.100000,89.119984,89.119984,0.000000,0.000000,0.000000,1.000000,88.119984
1523213336.150000,89.279984,89.279984,0.000000,0.000000,0.000000,1.000000,88.279984
1523213336.200000,89.600037,89.600037,0.000000,0.000000,0.000000,1.000000,88.600037
1523213336.250000,88.779968,88.779968,0.000000,0.000000,0.000000,1.000000,87.779968
1523213336.300000,89.680006,89.680006,0.000000,0.000000,0.000000,1.000000,88.680006
1523213336.350000,89.499986,89.499986,0.000000,0.000000,0.000000,1.000000,88.499986
1523213336.400000,89.799976,89.799976,0.000000,0.000000,0.000000,1.000000,88.799976
1523213336.450000,89.120017,89.120017,0.000000,0.000000,0.000000,1.000000,88.120017
1523213336.500000,88.379981,88.379981,0.000000,0.000000,0.000000,1.000000,87.379981
1523213336.550000,83.560034,83.560034,0.000000,0.000000,0.000000,1.000000,82.560034
1523213336.600000,89.279988,89.279988,0.000000,0.000000,0.000000,1.000000,88.279988
1523213336.650000,89.100012,89.100012,0.000000,0.000000,0.000000,1.000000,88.100012
1523213336.700000,89.399962,89.399962,0.000000,0.000000,0.000000,1.000000,88.399962
1523213336.750000,88.859983,88.859983,0.000000,0.000000,0.000000,1.000000,87.859983
1523213336.800000,89.119995,89.119995,0.000000,0.000000,0.000000,1.000000,88.119995
1523213336.850000,87.640023,87.640023,0.000000,0.000000,0.000000,1.000000,86.640023
1523213336.900000,85.780024,85.780024,0.000000,0.000000,0.000000,1.000000,84.780024
1523213336.950000,89.579991,89.579991,0.000000,0.000000,0.000000,1.000000,88.579991
1523213337.000000,89.160013,89.160013,0.000000,0.000000,0.000000,1.000000,88.160013
1523213337.050000,89.499997,89.499997,0.000000,0.000000,0.000000,1.000000,88.499997
1523213337.100000,89.220014,89.220014,0.000000,0.000000,0.000000,0.740002,88.480012
1523213337.150000,89.600009,89.600009,0.000000,0.000000,0.000000,0.000000,89.600009
1523213337.200000,89.339984,89.339984,0.000000,0.000000,0.000000,0.000000,89.339984
1523213337.250000,88.959983,88.959983,0.000000,0.000000,0.000000,0.000000,88.959983
1523213337.300000,89.779983,89.779983,0.000000,0.000000,0.000000,0.000000,89.779983
1523213337.350000,87.880022,87.880022,0.000000,0.000000,0.000000,0.000000,87.880022
1523213337.400000,89.040004,89.040004,0.000000,0.000000,0.000000,0.000000,89.040004
1523213337.450000,89.179987,89.179987,0.000000,0.000000,0.000000,0.000000,89.179987
1523213337.500000,89.479960,89.479960,0.000000,0.000000,0.000000,0.000000,89.479960
1523213337.550000,89.599992,89.599992,0.000000,0.000000,0.000000,0.000000,89.599992
1523213337.600000,88.659978,88.659978,0.000000,0.000000,0.000000,0.000000,88.659978
1523213337.650000,89.099976,89.099976,0.000000,0.000000,0.000000,0.000000,89.099976
1523213337.700000,89.100011,89.100011,0.000000,0.000000,0.000000,0.000000,89.100011
1523213337.750000,88.959987,88.959987,0.000000,0.000000,0.000000,0.000000,88.959987
1523213337.800000,89.160009,89.160009,0.000000,0.000000,0.000000,0.000000,89.160009
1523213337.850000,88.499963,88.499963,0.000000,0.000000,0.000000,0.000000,88.499963
1523213337.900000,89.480000,89.480000,0.000000,0.000000,0.000000,0.000000,89.480000
1523213337.950000,88.939997,88.939997,0.000000,0.000000,0.000000,0.000000,88.939997
1523213338.000000,88.719980,88.719980,0.000000,0.000000,0.000000,0.000000,88.719980
1523213338.050000,89.620009,89.620009,0.000000,0.000000,0.000000,0.000000,89.620009
1523213338.100000,89.460011,89.460011,0.000000,0.000000,0.000000,0.000000,89.460011
1523213338.150000,89.300008,89.300008,0.000000,0.000000,0.000000,0.000000,89.300008
1523213338.200000,88.079993,88.079993,0.000000,0.000000,0.000000,0.000000,88.079993
1523213338.250000,89.159987,89.159987,0.000000,0.000000,0.000000,0.000000,89.159987
1523213338.300000,88.779991,88.779991,0.000000,0.000000,0.000000,0.000000,88.779991
1523213338.350000,88.859992,88.859992,0.000000,0.000000,0.000000,0.000000,88.859992
1523213338.400000,89.399999,89.399999,0.000000,0.000000,0.000000,0.000000,89.399999
1523213338.450000,89.719992,89.719992,0.000000,0.000000,0.000000,0.000000,89.719992
1523213338.500000,89.120002,89.120002,0.000000,0.000000,0.000000,0.000000,89.120002
1523213338.550000,89.719978,89.719978,0.000000,0.000000,0.000000,0.000000,89.719978
1523213338.600000,89.660003,89.660003,0.000000,0.000000,0.000000,0.000000,89.660003
1523213338.650000,88.720017,88.720017,0.000000,0.000000,0.000000,0.000000,88.720017
1523213338.700000,89.080011,89.080011,0.000000,0.000000,0.000000,0.000000,89.080011
1523213338.750000,88.700017,88.700017,0.000000,0.000000,0.000000,0.000000,88.700017
1523213338.800000,89.060019,89.060019,0.000000,0.000000,0.000000,0.000000,89.060019
1523213338.850000,88.240028,88.240028,0.000000,0.000000,0.000000,0.000000,88.240028
1523213338.900000,89.019997,89.019997,0.000000,0.000000,0.000000,0.000000,89.019997
1523213338.950000,88.479971,88.479971,0.000000,0.000000,0.000000,0.000000,88.479971
1523213339.000000,86.100018,86.100018,0.000000,0.000000,0.000000,0.000000,86.100018
1523213339.050000,86.500036,86.500036,0.000000,0.000000,0.000000,0.000000,86.500036
1523213339.100000,87.279981,87.279981,0.000000,0.000000,0.000000,0.000000,87.279981
1523213339.150000,89.680004,89.680004,0.000000,0.000000,0.000000,0.000000,89.680004
1523213339.200000,89.039990,89.039990,0.000000,0.000000,0.000000,0.000000,89.039990
1523213339.250000,87.459997,87.459997,0.000000,0.000000,0.000000,0.000000,87.459997
1523213339.300000,88.959958,88.959958,0.000000,0.000000,0.000000,0.000000,88.959958
1523213339.350000,89.300050,89.300050,0.000000,0.000000,0.000000,0.000000,89.300050
1523213339.400000,89.659986,89.659986,0.000000,0.000000,0.000000,0.000000,89.659986
1523213339.450000,85.879986,85.879986,0.000000,0.000000,0.000000,0.000000,85.879986
1523213339.500000,89.499997,89.499997,0.000000,0.000000,0.000000,0.000000,89.499997
1523213339.550000,88.420011,88.420011,0.000000,0.000000,0.000000,0.000000,88.420011
1523213339.600000,88.920028,88.920028,0.000000,0.000000,0.000000,0.000000,88.920028
1523213339.650000,89.299998,89.299998,0.000000,0.000000,0.000000,0.000000,89.299998
1523213339.700000,88.480008,88.480008,0.000000,0.000000,0.000000,0.000000,88.480008
1523213339.750000,89.879994,89.879994,0.000000,0.000000,0.000000,0.000000,89.879994
1523213339.800000,89.699988,89.699988,0.000000,0.000000,0.000000,0.000000,89.699988
1523213339.850000,89.020009,89.020009,0.000000,0.000000,0.000000,0.000000,89.020009
1523213339.900000,89.839995,89.839995,0.000000,0.000000,0.000000,0.000000,89.839995
1523213339.950000,89.740021,89.740021,0.000000,0.000000,0.000000,0.000000,89.740021
1523213340.000000,85.420013,85.420013,0.000000,0.000000,0.000000,0.000000,85.420013
1523213340.050000,68.659980,68.659980,0.000000,0.000000,0.000000,0.000000,68.659980
1523213340.100000,56.559978,56.559978,0.000000,0.000000,0.000000,0.000000,56.559978
1523213340.150000,57.620058,57.620058,0.000000,0.000000,0.000000,0.000000,57.620058
1523213340.200000,58.100062,58.100062,0.000000,0.000000,0.000000,0.000000,58.100062
1523213340.250000,60.620034,60.620034,0.000000,0.000000,0.000000,0.000000,60.620034
1523213340.300000,82.960017,82.960017,0.000000,0.000000,0.000000,0.000000,82.960017
1523213340.350000,89.280007,89.280007,0.000000,0.000000,0.000000,0.000000,89.280007
1523213340.400000,89.000011,89.000011,0.000000,0.000000,0.000000,0.000000,89.000011
1523213340.450000,88.160025,88.160025,0.000000,0.000000,0.000000,0.000000,88.160025
1523213340.500000,88.900019,88.900019,0.000000,0.000000,0.000000,0.000000,88.900019
1523213340.550000,89.199993,89.199993,0.000000,0.000000,0.000000,0.000000,89.199993
1523213340.600000,88.520005,88.520005,0.000000,0.000000,0.000000,0.000000,88.520005
1523213340.650000,88.319995,88.319995,0.000000,0.000000,0.000000,0.000000,88.319995
1523213340.700000,87.779987,87.779987,0.000000,0.000000,0.000000,0.000000,87.779987
1523213340.750000,88.999990,88.999990,0.000000,0.000000,0.000000,0.000000,88.999990
1523213340.800000,89.439997,89.439997,0.000000,0.000000,0.000000,0.000000,89.439997
1523213340.850000,89.040006,89.040006,0.000000,0.000000,0.000000,0.000000,89.040006
1523213340.900000,88.960004,88.960004,0.000000,0.000000,0.000000,0.000000,88.960004
1523213340.950000,88.439973,88.439973,0.000000,0.000000,0.000000,0.000000,88.439973
1523213341.000000,88.679972,88.679972,0.000000,0.000000,0.000000,0.000000,88.679972
1523213341.050000,88.120035,88.120035,0.000000,0.000000,0.000000,0.000000,88.120035
1523213341.100000,86.540035,86.540035,0.000000,0.000000,0.000000,0.000000,86.540035
1523213341.150000,87.660009,87.660009,0.000000,0.000000,0.000000,0.000000,87.660009
1523213341.200000,88.779989,88.779989,0.000000,0.000000,0.000000,0.000000,88.779989
1523213341.250000,89.719983,89.719983,0.000000,0.000000,0.000000,0.000000,89.719983
1523213341.300000,89.239999,89.239999,0.000000,0.000000,0.000000,0.000000,89.239999
1523213341.350000,88.780003,88.780003,0.000000,0.000000,0.000000,0.000000,88.780003
1523213341.400000,89.320010,89.320010,0.000000,0.000000,0.000000,0.000000,89.320010
1523213341.450000,88.419995,88.419995,0.000000,0.000000,0.000000,0.000000,88.419995
1523213341.500000,88.659995,88.659995,0.000000,0.000000,0.000000,0.000000,88.659995
1523213341.550000,89.139989,89.139989,0.000000,0.000000,0.000000,0.000000,89.139989
1523213341.600000,88.819960,88.819960,0.000000,0.000000,0.000000,0.000000,88.819960
1523213341.650000,88.860013,88.860013,0.000000,0.000000,0.000000,0.000000,88.860013
1523213341.700000,89.240007,89.240007,0.000000,0.000000,0.000000,0.000000,89.240007
1523213341.750000,87.400012,87.400012,0.000000,0.000000,0.000000,0.000000,87.400012
1523213341.800000,88.760028,88.760028,0.000000,0.000000,0.000000,0.000000,88.760028
1523213341.850000,89.700025,89.700025,0.000000,0.000000,0.000000,0.000000,89.700025
1523213341.900000,87.279994,87.279994,0.000000,0.000000,0.000000,0.000000,87.279994
1523213341.950000,89.880014,89.880014,0.000000,0.000000,0.000000,0.000000,89.880014
1523213342.000000,85.760020,85.760020,0.000000,0.000000,0.000000,0.000000,85.760020
1523213342.050000,88.220011,88.220011,0.000000,0.000000,0.000000,0.000000,88.220011
1523213342.100000,89.259995,89.259995,0.000000,0.000000,0.000000,0.000000,89.259995
1523213342.150000,88.459980,88.459980,0.000000,0.000000,0.000000,0.000000,88.459980
1523213342.200000,89.339989,89.339989,0.000000,0.000000,0.000000,0.000000,89.339989
1523213342.250000,88.540014,88.540014,0.000000,0.000000,0.000000,0.000000,88.540014
1523213342.300000,89.120007,89.120007,0.000000,0.000000,0.000000,0.000000,89.120007
1523213342.350000,88.720009,88.720009,0.000000,0.000000,0.000000,0.000000,88.720009
1523213342.400000,88.800022,88.800022,0.000000,0.000000,0.000000,0.000000,88.800022
1523213342.450000,89.559985,89.559985,0.000000,0.000000,0.000000,0.000000,89.559985
1523213342.500000,88.300009,88.300009,0.000000,0.000000,0.000000,0.000000,88.300009
1523213342.550000,88.780017,88.780017,0.000000,0.000000,0.000000,0.000000,88.780017
1523213342.600000,88.919987,88.919987,0.000000,0.000000,0.000000,0.000000,88.919987
1523213342.650000,89.200027,89.200027,0.000000,0.000000,0.000000,0.000000,89.200027
1523213342.700000,89.380000,89.380000,0.000000,0.000000,0.000000,0.000000,89.380000
1523213342.750000,89.379981,89.379981,0.000000,0.000000,0.000000,0.000000,89.379981
1523213342.800000,89.899996,89.899996,0.000000,0.000000,0.000000,0.000000,89.899996
1523213342.850000,89.119998,89.119998,0.000000,0.000000,0.000000,0.000000,89.119998
1523213342.900000,88.459965,88.459965,0.000000,0.000000,0.000000,0.000000,88.459965
1523213342.950000,88.959998,88.959998,0.000000,0.000000,0.000000,0.000000,88.959998
1523213343.000000,88.459976,88.459976,0.000000,0.000000,0.000000,0.000000,88.459976
1523213343.050000,89.360018,89.360018,0.000000,0.000000,0.000000,0.000000,89.360018
1523213343.100000,88.699985,88.699985,0.000000,0.000000,0.000000,0.000000,88.699985
1523213343.150000,87.360017,87.360017,0.000000,0.000000,0.000000,0.000000,87.360017
1523213343.200000,89.120003,89.120003,0.000000,0.000000,0.000000,0.000000,89.120003
1523213343.250000,88.760013,88.760013,0.000000,0.000000,0.000000,0.000000,88.760013
1523213343.300000,88.880000,88.880000,0.000000,0.000000,0.000000,0.000000,88.880000
1523213343.350000,88.760007,88.760007,0.000000,0.000000,0.000000,0.000000,88.760007
1523213343.400000,88.440022,88.440022,0.000000,0.000000,0.000000,0.000000,88.440022
1523213343.450000,88.759998,88.759998,0.000000,0.000000,0.000000,0.000000,88.759998
1523213343.500000,89.500012,89.500012,0.000000,0.000000,0.000000,0.000000,89.500012
1523213343.550000,88.340026,88.340026,0.000000,0.000000,0.000000,0.000000,88.340026
1523213343.600000,89.040012,89.040012,0.000000,0.000000,0.000000,0.000000,89.040012
1523213343.650000,89.499993,89.499993,0.000000,0.000000,0.000000,0.000000,89.499993
1523213343.700000,88.300000,88.300000,0.000000,0.000000,0.000000,0.000000,88.300000
1523213343.750000,89.320024,89.320024,0.000000,0.000000,0.000000,0.000000,89.320024
1523213343.800000,88.260022,88.260022,0.000000,0.000000,0.000000,0.000000,88.260022
1523213343.850000,88.160028,88.160028,0.000000,0.000000,0.000000,0.000000,88.160028
1523213343.900000,88.600009,88.600009,0.000000,0.000000,0.000000,0.000000,88.600009
1523213343.950000,88.319983,88.319983,0.000000,0.000000,0.000000,0.000000,88.319983
1523213344.000000,85.400002,85.400002,0.000000,0.000000,0.000000,0.000000,85.400002
1523213344.050000,89.580023,89.580023,0.000000,0.000000,0.000000,0.000000,89.580023
1523213344.100000,89.239992,89.239992,0.000000,0.000000,0.000000,0.000000,89.239992
1523213344.150000,87.800007,87.800007,0.000000,0.000000,0.000000,0.000000,87.800007
1523213344.200000,88.739987,88.739987,0.000000,0.000000,0.000000,0.000000,88.739987
1523213344.250000,89.780010,89.780010,0.000000,0.000000,0.000000,0.000000,89.780010
1523213344.300000,87.420022,87.420022,0.000000,0.000000,0.000000,0.000000,87.420022
1523213344.350000,89.019982,89.019982,0.000000,0.000000,0.000000,0.000000,89.019982
1523213344.400000,88.940006,88.940006,0.000000,0.000000,0.000000,0.000000,88.940006
1523213344.450000,88.759991,88.759991,0.000000,0.000000,0.000000,0.000000,88.759991
1523213344.500000,87.539968,87.539968,0.000000,0.000000,0.000000,0.000000,87.539968
1523213344.550000,89.080010,89.080010,0.000000,0.000000,0.000000,0.000000,89.080010
1523213344.600000,84.640021,84.640021,0.000000,0.000000,0.000000,0.000000,84.640021
1523213344.650000,89.000014,89.000014,0.000000,0.000000,0.000000,0.000000,89.000014
1523213344.700000,89.320011,89.320011,0.000000,0.000000,0.000000,0.000000,89.320011
1523213344.750000,85.360043,85.360043,0.000000,0.000000,0.000000,0.000000,85.360043
1523213344.800000,86.860028,86.860028,0.000000,0.000000,0.000000,0.000000,86.860028
1523213344.850000,64.939976,64.939976,0.000000,0.000000,0.000000,0.000000,64.939976
1523213344.900000,5.320011,5.320011,0.000000,0.000000,0.000000,0.000000,5.320011
1523213344.950000,0.239998,0.239998,0.000000,0.000000,0.000000,0.000000,0.239998
1523213345.000000,0.000000,0.000000,0.000000,0.000000,0.000000,0.000000,0.000000
1523213345.050000,0.000000,0.000000,0.000000,0.000000,0.000000,0.000000,0.000000
1523213345.100000,42.119999,42.119999,0.000000,0.000000,0.000000,0.000000,42.119999
1523213345.150000,89.660024,89.660024,0.000000,0.000000,0.000000,0.000000,89.660024
1523213345.200000,89.060020,89.060020,0.000000,0.000000,0.000000,0.000000,89.060020
1523213345.250000,88.839992,88.839992,0.000000,0.000000,0.000000,0.000000,88.839992
1523213345.300000,89.399975,89.399975,0.000000,0.000000,0.000000,0.000000,89.399975
1523213345.350000,89.419994,89.419994,0.000000,0.000000,0.000000,0.000000,89.419994
1523213345.400000,89.400020,89.400020,0.000000,0.000000,0.000000,0.000000,89.400020
1523213345.450000,88.839995,88.839995,0.000000,0.000000,0.000000,0.000000,88.839995
1523213345.500000,89.439959,89.439959,0.000000,0.000000,0.000000,0.000000,89.439959
1523213345.550000,89.419983,89.419983,0.000000,0.000000,0.000000,0.000000,89.419983
1523213345.600000,88.779961,88.779961,0.000000,0.000000,0.000000,0.000000,88.779961
1523213345.650000,86.739997,86.739997,0.000000,0.000000,0.000000,0.000000,86.739997
1523213345.700000,89.400022,89.400022,0.000000,0.000000,0.000000,0.000000,89.400022
1523213345.750000,88.420008,88.420008,0.000000,0.000000,0.000000,0.000000,88.420008
1523213345.800000,89.820000,89.820000,0.000000,0.000000,0.000000,0.000000,89.820000
1523213345.850000,82.520023,82.520023,0.000000,0.000000,0.000000,0.000000,82.520023
1523213345.900000,89.219978,89.219978,0.000000,0.000000,0.000000,0.000000,89.219978
1523213345.950000,88.820008,88.820008,0.000000,0.000000,0.000000,0.000000,88.820008
1523213346.000000,89.539999,89.539999,0.000000,0.000000,0.000000,0.000000,89.539999
1523213346.050000,89.640007,89.640007,0.000000,0.000000,0.000000,0.000000,89.640007
1523213346.100000,89.159976,89.159976,0.000000,0.000000,0.000000,0.000000,89.159976
1523213346.150000,89.680032,89.680032,0.000000,0.000000,0.000000,0.000000,89.680032
1523213346.200000,89.400001,89.400001,0.000000,0.000000,0.000000,0.000000,89.400001
1523213346.250000,89.460007,89.460007,0.000000,0.000000,0.000000,0.000000,89.460007
1523213346.300000,86.640006,86.640006,0.000000,0.000000,0.000000,0.000000,86.640006
1523213346.350000,89.300006,89.300006,0.000000,0.000000,0.000000,0.000000,89.300006
1523213346.400000,86.880027,86.880027,0.000000,0.000000,0.000000,0.000000,86.880027
1523213346.450000,89.700000,89.700000,0.000000,0.000000,0.000000,0.000000,89.700000
1523213346.500000,87.259998,87.259998,0.000000,0.000000,0.000000,0.000000,87.259998
1523213346.550000,88.119972,88.119972,0.000000,0.000000,0.000000,0.000000,88.119972
1523213346.600000,88.900005,88.900005,0.000000,0.000000,0.000000,0.000000,88.900005
1523213346.650000,88.260007,88.260007,0.000000,0.000000,0.000000,0.000000,88.260007
1523213346.700000,86.759994,86.759994,0.000000,0.000000,0.000000,0.000000,86.759994
1523213346.750000,88.299971,88.299971,0.000000,0.000000,0.000000,0.000000,88.299971
1523213346.800000,88.700000,88.700000,0.000000,0.000000,0.000000,0.000000,88.700000
1523213346.850000,88.880000,88.880000,0.000000,0.000000,0.000000,0.000000,88.880000
1523213346.900000,87.799996,87.799996,0.000000,0.000000,0.000000,0.000000,87.799996
1523213346.950000,88.280014,88.280014,0.000000,0.000000,0.000000,0.000000,88.280014
1523213347.000000,88.859983,88.859983,0.000000,0.000000,0.000000,0.000000,88.859983
1523213347.050000,88.979996,88.979996,0.000000,0.000000,0.000000,0.000000,88.979996
1523213347.100000,88.199991,88.199991,0.000000,0.000000,0.000000,0.000000,88.199991
1523213347.150000,89.020028,89.020028,0.000000,0.000000,0.000000,0.000000,89.020028
1523213347.200000,88.279994,88.279994,0.000000,0.000000,0.000000,0.000000,88.279994
1523213347.250000,88.780025,88.780025,0.000000,0.000000,0.000000,0.000000,88.780025
1523213347.300000,87.440004,87.440004,0.000000,0.000000,0.000000,0.000000,87.440004
1523213347.350000,87.000018,87.000018,0.000000,0.000000,0.000000,0.000000,87.000018
1523213347.400000,88.740033,88.740033,0.000000,0.000000,0.000000,0.000000,88.740033
1523213347.450000,89.620014,89.620014,0.000000,0.000000,0.000000,0.000000,89.620014
1523213347.500000,89.620009,89.620009,0.000000,0.000000,0.000000,0.000000,89.620009
1523213347.550000,87.619990,87.619990,0.000000,0.000000,0.000000,0.000000,87.619990
1523213347.600000,89.619992,89.619992,0.000000,0.000000,0.000000,0.000000,89.619992
1523213347.650000,88.479992,88.479992,0.000000,0.000000,0.000000,0.000000,88.479992
1523213347.700000,88.620028,88.620028,0.000000,0.000000,0.000000,0.000000,88.620028
1523213347.750000,87.980001,87.980001,0.000000,0.000000,0.000000,0.000000,87.980001
1523213347.800000,88.099960,88.099960,0.000000,0.000000,0.000000,0.000000,88.099960
1523213347.850000,88.360009,88.360009,0.000000,0.000000,0.000000,0.000000,88.360009
1523213347.900000,88.360028,88.360028,0.000000,0.000000,0.000000,0.000000,88.360028
1523213347.950000,89.340018,89.340018,0.000000,0.000000,0.000000,0.000000,89.340018
1523213348.000000,89.440031,89.440031,0.000000,0.000000,0.000000,0.000000,89.440031
1523213348.050000,89.620006,89.620006,0.000000,0.000000,0.000000,0.000000,89.620006
1523213348.100000,88.619992,88.619992,0.000000,0.000000,0.000000,0.000000,88.619992
1523213348.150000,88.100019,88.100019,0.000000,0.000000,0.000000,0.000000,88.100019
1523213348.200000,89.300007,89.300007,0.000000,0.000000,0.000000,0.000000,89.300007
1523213348.250000,88.560038,88.560038,0.000000,0.000000,0.000000,0.000000,88.560038
1523213348.300000,89.099987,89.099987,0.000000,0.000000,0.000000,0.000000,89.099987
1523213348.350000,89.019996,89.019996,0.000000,0.000000,0.000000,0.000000,89.019996
1523213348.400000,87.160015,87.160015,0.000000,0.000000,0.000000,0.000000,87.160015
1523213348.450000,89.019990,89.019990,0.000000,0.000000,0.000000,0.000000,89.019990
1523213348.500000,88.979996,88.979996,0.000000,0.000000,0.000000,0.000000,88.979996
1523213348.550000,89.580046,89.580046,0.000000,0.000000,0.000000,0.000000,89.580046
1523213348.600000,87.920014,87.920014,0.000000,0.000000,0.000000,0.000000,87.920014
1523213348.650000,88.179989,88.179989,0.000000,0.000000,0.000000,0.000000,88.179989
1523213348.700000,88.940010,88.940010,0.000000,0.000000,0.000000,0.000000,88.940010
1523213348.750000,89.380004,89.380004,0.000000,0.000000,0.000000,0.000000,89.380004
1523213348.800000,88.880024,88.880024,0.000000,0.000000,0.000000,0.000000,88.880024
1523213348.850000,89.019980,89.019980,0.000000,0.000000,0.000000,0.000000,89.019980
1523213348.900000,87.820005,87.820005,0.000000,0.000000,0.000000,0.000000,87.820005
1523213348.950000,89.779994,89.779994,0.000000,0.000000,0.000000,0.000000,89.779994
1523213349.000000,89.419979,89.419979,0.000000,0.000000,0.000000,0.000000,89.419979
1523213349.050000,88.999997,88.999997,0.000000,0.000000,0.000000,0.000000,88.999997
1523213349.100000,89.640015,89.640015,0.000000,0.000000,0.000000,0.000000,89.640015
1523213349.150000,88.680003,88.680003,0.000000,0.000000,0.000000,0.000000,88.680003
1523213349.200000,88.419962,88.419962,0.000000,0.000000,0.000000,0.000000,88.419962
1523213349.250000,88.739976,88.739976,0.000000,0.000000,0.000000,0.000000,88.739976
1523213349.300000,87.220012,87.220012,0.000000,0.000000,0.000000,0.000000,87.220012
1523213349.350000,89.840009,89.840009,0.000000,0.000000,0.000000,0.000000,89.840009
1523213349.400000,89.060025,89.060025,0.000000,0.000000,0.000000,0.000000,89.060025
1523213349.450000,89.019991,89.019991,0.000000,0.000000,0.000000,0.000000,89.019991
1523213349.500000,89.080025,89.080025,0.000000,0.000000,0.000000,0.000000,89.080025
1523213349.550000,89.300003,89.300003,0.000000,0.000000,0.000000,0.000000,89.300003
1523213349.600000,89.620021,89.620021,0.000000,0.000000,0.000000,0.000000,89.620021
1523213349.650000,88.959985,88.959985,0.000000,0.000000,0.000000,0.000000,88.959985
1523213349.700000,88.700009,88.700009,0.000000,0.000000,0.000000,0.000000,88.700009
1523213349.750000,88.599967,88.599967,0.000000,0.000000,0.000000,0.000000,88.599967
1523213349.800000,89.479992,89.479992,0.000000,0.000000,0.000000,0.000000,89.479992
1523213349.850000,84.900017,84.900017,0.000000,0.000000,0.000000,0.000000,84.900017
1523213349.900000,82.819982,82.819982,0.000000,0.000000,0.000000,0.000000,82.819982
1523213349.950000,88.979987,88.979987,0.000000,0.000000,0.000000,0.000000,88.979987
1523213350.000000,89.239989,89.239989,0.000000,0.000000,0.000000,0.000000,89.239989
1523213350.050000,89.599998,89.599998,0.000000,0.000000,0.000000,0.000000,89.599998
1523213350.100000,89.279998,89.279998,0.000000,0.000000,0.000000,0.000000,89.279998
1523213350.150000,88.420037,88.420037,0.000000,0.000000,0.000000,0.000000,88.420037
1523213350.200000,89.520007,89.520007,0.000000,0.000000,0.000000,0.000000,89.520007
1523213350.250000,88.660000,88.660000,0.000000,0.000000,0.000000,0.000000,88.660000
1523213350.300000,88.739991,88.739991,0.000000,0.000000,0.000000,0.000000,88.739991
1523213350.350000,86.540003,86.540003,0.000000,0.000000,0.000000,0.000000,86.540003
1523213350.400000,86.000000,86.000000,0.000000,0.000000,0.000000,0.000000,86.000000
1523213350.450000,86.000000,86.000000,0.000000,0.000000,0.000000,0.000000,86.000000
1523213350.500000,86.000000,86.000000,0.000000,0.000000,0.000000,0.000000,86.000000
1523213350.550000,86.520020,86.520020,0.000000,0.000000,0.000000,0.000000,86.520020
1523213350.600000,78.500054,78.500054,0.000000,0.000000,0.000000,0.000000,78.500054
1523213350.650000,89.160023,89.160023,0.000000,0.000000,0.000000,0.000000,89.160023
1523213350.700000,89.600009,89.600009,0.000000,0.000000,0.000000,0.000000,89.600009
1523213350.750000,89.420010,89.420010,0.000000,0.000000,0.000000,0.000000,89.420010
1523213350.800000,89.100019,89.100019,0.000000,0.000000,0.000000,0.000000,89.100019
1523213350.850000,88.800000,88.800000,0.000000,0.000000,0.000000,0.000000,88.800000
1523213350.900000,89.679983,89.679983,0.000000,0.000000,0.000000,0.000000,89.679983
1523213350.950000,88.820005,88.820005,0.000000,0.000000,0.000000,0.000000,88.820005
1523213351.000000,89.199995,89.199995,0.000000,0.000000,0.000000,0.000000,89.199995
1523213351.050000,87.680020,87.680020,0.000000,0.000000,0.000000,0.000000,87.680020
1523213351.100000,89.459972,89.459972,0.000000,0.000000,0.000000,0.000000,89.459972
1523213351.150000,89.399965,89.399965,0.000000,0.000000,0.000000,0.000000,89.399965
1523213351.200000,89.279989,89.279989,0.000000,0.000000,0.000000,0.000000,89.279989
1523213351.250000,89.459997,89.459997,0.000000,0.000000,0.000000,0.000000,89.459997
1523213351.300000,89.400005,89.400005,0.000000,0.000000,0.000000,0.000000,89.400005
1523213351.350000,88.120024,88.120024,0.000000,0.000000,0.000000,0.000000,88.120024
1523213351.400000,87.560008,87.560008,0.000000,0.000000,0.000000,0.000000,87.560008
1523213351.450000,87.039956,87.039956,0.000000,0.000000,0.000000,0.000000,87.039956
1523213351.500000,89.320014,89.320014,0.000000,0.000000,0.000000,0.000000,89.320014
1523213351.550000,89.420012,89.420012,0.000000,0.000000,0.000000,0.000000,89.420012
1523213351.600000,89.279975,89.279975,0.000000,0.000000,0.000000,0.000000,89.279975
1523213351.650000,89.460017,89.460017,0.000000,0.000000,0.000000,0.000000,89.460017
1523213351.700000,89.879980,89.879980,0.000000,0.000000,0.000000,0.000000,89.879980
1523213351.750000,89.140013,89.140013,0.000000,0.000000,0.000000,0.000000,89.140013
1523213351.800000,89.919990,89.919990,0.000000,0.000000,0.000000,0.000000,89.919990
1523213351.850000,89.579983,89.579983,0.000000,0.000000,0.000000,0.000000,89.579983
1523213351.900000,88.960002,88.960002,0.000000,0.000000,0.000000,0.000000,88.960002
1523213351.950000,89.099981,89.099981,0.000000,0.000000,0.000000,0.000000,89.099981
1523213352.000000,88.240002,88.240002,0.000000,0.000000,0.000000,0.000000,88.240002
1523213352.050000,86.579991,86.579991,0.000000,0.000000,0.000000,0.000000,86.579991
1523213352.100000,88.959960,88.959960,0.000000,0.000000,0.000000,0.000000,88.959960
1523213352.150000,88.479995,88.479995,0.000000,0.000000,0.000000,0.000000,88.479995
1523213352.200000,89.260012,89.260012,0.000000,0.000000,0.000000,0.000000,89.260012
1523213352.250000,89.560011,89.560011,0.000000,0.000000,0.000000,0.000000,89.560011
1523213352.300000,89.380013,89.380013,0.000000,0.000000,0.000000,0.000000,89.380013
1523213352.350000,89.900020,89.900020,0.000000,0.000000,0.000000,0.000000,89.900020
1523213352.400000,88.840010,88.840010,0.000000,0.000000,0.000000,0.000000,88.840010
1523213352.450000,88.740011,88.740011,0.000000,0.000000,0.000000,0.000000,88.740011
1523213352.500000,89.519984,89.519984,0.000000,0.000000,0.000000,0.000000,89.519984
1523213352.550000,87.720051,87.720051,0.000000,0.000000,0.000000,0.000000,87.720051
1523213352.600000,87.599941,87.599941,0.000000,0.000000,0.000000,0.000000,87.599941
1523213352.650000,89.360005,89.360005,0.000000,0.000000,0.000000,0.000000,89.360005
1523213352.700000,89.620002,89.620002,0.000000,0.000000,0.000000,0.000000,89.620002
1523213352.750000,89.840007,89.840007,0.000000,0.000000,0.000000,0.000000,89.840007
1523213352.800000,89.400026,89.400026,0.000000,0.000000,0.000000,0.000000,89.400026
1523213352.850000,87.840021,87.840021,0.000000,0.000000,0.000000,0.000000,87.840021
1523213352.900000,89.000008,89.000008,0.000000,0.000000,0.000000,0.000000,89.000008
1523213352.950000,88.179974,88.179974,0.000000,0.000000,0.000000,0.000000,88.179974
1523213353.000000,88.299988,88.299988,0.000000,0.000000,0.000000,0.000000,88.299988
1523213353.050000,89.580019,89.580019,0.000000,0.000000,0.000000,0.000000,89.580019
1523213353.100000,89.740005,89.740005,0.000000,0.000000,0.000000,0.000000,89.740005
1523213353.150000,88.499993,88.499993,0.000000,0.000000,0.000000,0.000000,88.499993
1523213353.200000,87.520020,87.520020,0.000000,0.000000,0.000000,0.000000,87.520020
1523213353.250000,89.319991,89.319991,0.000000,0.000000,0.000000,0.000000,89.319991
1523213353.300000,89.160000,89.160000,0.000000,0.000000,0.000000,0.000000,89.160000
1523213353.350000,89.560010,89.560010,0.000000,0.000000,0.000000,0.000000,89.560010
1523213353.400000,88.860003,88.860003,0.000000,0.000000,0.000000,0.000000,88.860003
1523213353.450000,88.660002,88.660002,0.000000,0.000000,0.000000,0.000000,88.660002
1523213353.500000,89.619983,89.619983,0.000000,0.000000,0.000000,0.000000,89.619983
1523213353.550000,88.979998,88.979998,0.000000,0.000000,0.000000,0.000000,88.979998
1523213353.600000,89.259971,89.259971,0.000000,0.000000,0.000000,0.000000,89.259971
1523213353.650000,89.439992,89.439992,0.000000,0.000000,0.000000,0.000000,89.439992
1523213353.700000,88.359965,88.359965,0.000000,0.000000,0.000000,0.000000,88.359965
1523213353.750000,89.439957,89.439957,0.000000,0.000000,0.000000,0.000000,89.439957
1523213353.800000,87.700000,87.700000,0.000000,0.000000,0.000000,0.000000,87.700000
1523213353.850000,87.999987,87.999987,0.000000,0.000000,0.000000,0.000000,87.999987
1523213353.900000,89.020018,89.020018,0.000000,0.000000,0.000000,0.000000,89.020018
1523213353.950000,89.260009,89.260009,0.000000,0.000000,0.000000,0.000000,89.260009
1523213354.000000,89.440018,89.440018,0.000000,0.000000,0.000000,0.000000,89.440018
1523213354.050000,88.899991,88.899991,0.000000,0.000000,0.000000,0.000000,88.899991
1523213354.100000,89.420004,89.420004,0.000000,0.000000,0.000000,0.000000,89.420004
1523213354.150000,88.300006,88.300006,0.000000,0.000000,0.000000,0.000000,88.300006
1523213354.200000,88.419989,88.419989,0.000000,0.000000,0.000000,0.000000,88.419989
1523213354.250000,89.120005,89.120005,0.000000,0.000000,0.000000,0.000000,89.120005
1523213354.300000,88.939986,88.939986,0.000000,0.000000,0.000000,0.000000,88.939986
1523213354.350000,88.640012,88.640012,0.000000,0.000000,0.000000,0.000000,88.640012
1523213354.400000,89.000019,89.000019,0.000000,0.000000,0.000000,0.000000,89.000019
1523213354.450000,89.819962,89.819962,0.000000,0.000000,0.000000,0.000000,89.819962
1523213354.500000,89.619996,89.619996,0.000000,0.000000,0.000000,0.000000,89.619996
1523213354.550000,88.319978,88.319978,0.000000,0.000000,0.000000,0.000000,88.319978
1523213354.600000,86.840023,86.840023,0.000000,0.000000,0.000000,0.000000,86.840023
1523213354.650000,89.420036,89.420036,0.000000,0.000000,0.000000,0.000000,89.420036
1523213354.700000,89.359968,89.359968,0.000000,0.000000,0.000000,0.000000,89.359968
1523213354.750000,89.740003,89.740003,0.000000,0.000000,0.000000,0.000000,89.740003
1523213354.800000,88.879987,88.879987,0.000000,0.000000,0.000000,0.000000,88.879987
1523213354.850000,89.700010,89.700010,0.000000,0.000000,0.000000,0.000000,89.700010
1523213354.900000,88.619971,88.619971,0.000000,0.000000,0.000000,0.000000,88.619971
1523213354.950000,89.740001,89.740001,0.000000,0.000000,0.000000,0.000000,89.740001
1523213355.000000,88.699999,88.699999,0.000000,0.000000,0.000000,0.000000,88.699999
1523213355.050000,87.680019,87.680019,0.000000,0.000000,0.000000,0.000000,87.680019
1523213355.100000,88.639994,88.639994,0.000000,0.000000,0.000000,0.000000,88.639994
1523213355.150000,89.720017,89.720017,0.000000,0.000000,0.000000,0.000000,89.720017
1523213355.200000,89.320020,89.320020,0.000000,0.000000,0.000000,0.000000,89.320020
1523213355.250000,89.679983,89.679983,0.000000,0.000000,0.000000,0.000000,89.679983
1523213355.300000,89.660010,89.660010,0.000000,0.000000,0.000000,0.000000,89.660010
1523213355.350000,87.560025,87.560025,0.000000,0.000000,0.000000,0.000000,87.560025
1523213355.400000,89.979998,89.979998,0.000000,0.000000,0.000000,0.000000,89.979998
1523213355.450000,89.139987,89.139987,0.000000,0.000000,0.000000,0.000000,89.139987
1523213355.500000,89.020031,89.020031,0.000000,0.000000,0.000000,0.000000,89.020031
1523213355.550000,89.079975,89.079975,0.000000,0.000000,0.000000,0.000000,89.079975
1523213355.600000,83.160016,83.160016,0.000000,0.000000,0.000000,0.000000,83.160016
1523213355.650000,89.839983,89.839983,0.000000,0.000000,0.000000,0.000000,89.839983
1523213355.700000,89.300007,89.300007,0.000000,0.000000,0.000000,0.000000,89.300007
1523213355.750000,89.159990,89.159990,0.000000,0.000000,0.000000,0.000000,89.159990
1523213355.800000,89.659990,89.659990,0.000000,0.000000,0.000000,0.000000,89.659990
1523213355.850000,89.219985,89.219985,0.000000,0.000000,0.000000,0.000000,89.219985
1523213355.900000,88.819982,88.819982,0.000000,0.000000,0.000000,0.000000,88.819982
1523213355.950000,89.280038,89.280038,0.000000,0.000000,0.000000,0.000000,89.280038
1523213356.000000,89.199997,89.199997,0.000000,0.000000,0.000000,0.000000,89.199997
1523213356.050000,88.400013,88.400013,0.000000,0.000000,0.000000,0.000000,88.400013
1523213356.100000,88.600001,88.600001,0.000000,0.000000,0.000000,0.000000,88.600001
1523213356.150000,89.080027,89.080027,0.000000,0.000000,0.000000,0.000000,89.080027
1523213356.200000,89.879998,89.879998,0.000000,0.000000,0.000000,0.000000,89.879998
1523213356.250000,89.559980,89.559980,0.000000,0.000000,0.000000,0.000000,89.559980
1523213356.300000,89.300001,89.300001,0.000000,0.000000,0.000000,0.000000,89.300001
1523213356.350000,89.759987,89.759987,0.000000,0.000000,0.000000,0.000000,89.759987
1523213356.400000,89.520015,89.520015,0.000000,0.000000,0.000000,0.000000,89.520015
1523213356.450000,89.879990,89.879990,0.000000,0.000000,0.000000,0.000000,89.879990
1523213356.500000,82.219989,82.219989,0.000000,0.000000,0.000000,0.000000,82.219989
1523213356.550000,89.320015,89.320015,0.000000,0.000000,0.000000,0.000000,89.320015
1523213356.600000,89.380013,89.380013,0.000000,0.000000,0.000000,0.000000,89.380013
1523213356.650000,89.520007,89.520007,0.000000,0.000000,0.000000,0.000000,89.520007
1523213356.700000,89.419998,89.419998,0.000000,0.000000,0.000000,0.000000,89.419998
1523213356.750000,89.339982,89.339982,0.000000,0.000000,0.000000,0.000000,89.339982
1523213356.800000,89.379976,89.379976,0.000000,0.000000,0.000000,0.000000,89.379976
1523213356.850000,87.940004,87.940004,0.000000,0.000000,0.000000,0.000000,87.940004
1523213356.900000,88.780002,88.780002,0.000000,0.000000,0.000000,0.000000,88.780002
1523213356.950000,87.500000,87.500000,0.000000,0.000000,0.000000,0.000000,87.500000
1523213357.000000,88.940008,88.940008,0.000000,0.000000,0.000000,0.000000,88.940008
1523213357.050000,89.340000,89.340000,0.000000,0.000000,0.000000,0.000000,89.340000
1523213357.100000,89.479987,89.479987,0.000000,0.000000,0.000000,0.000000,89.479987
1523213357.150000,89.100019,89.100019,0.000000,0.000000,0.000000,0.000000,89.100019
1523213357.200000,85.560014,85.560014,0.000000,0.000000,0.000000,0.000000,85.560014
1523213357.250000,89.720014,89.720014,0.000000,0.000000,0.000000,0.000000,89.720014
1523213357.300000,88.799996,88.799996,0.000000,0.000000,0.000000,0.000000,88.799996
1523213357.350000,87.720010,87.720010,0.000000,0.000000,0.000000,0.000000,87.720010
1523213357.400000,89.280024,89.280024,0.000000,0.000000,0.000000,0.000000,89.280024
1523213357.450000,89.419989,89.419989,0.000000,0.000000,0.000000,0.000000,89.419989
1523213357.500000,87.179983,87.179983,0.000000,0.000000,0.000000,0.559998,86.619986
1523213357.550000,86.399944,86.399944,0.000000,0.000000,0.000000,1.000000,85.399944
1523213357.600000,88.800014,88.800014,0.000000,0.000000,0.000000,1.000000,87.800014
1523213357.650000,89.620008,89.620008,0.000000,0.000000,0.000000,1.000000,88.620008
1523213357.700000,88.439981,88.439981,0.000000,0.000000,0.000000,1.000000,87.439981
1523213357.750000,89.079989,89.079989,0.000000,0.000000,0.000000,1.000000,88.079989
1523213357.800000,88.639981,88.639981,0.000000,0.000000,0.000000,1.000000,87.639981
1523213357.850000,89.559995,89.559995,0.000000,0.000000,0.000000,1.000000,88.559995
1523213357.900000,88.979999,88.979999,0.000000,0.000000,0.000000,1.000000,87.979999
1523213357.950000,89.360008,89.360008,0.000000,0.000000,0.000000,1.000000,88.360008
1523213358.000000,89.479980,89.479980,0.000000,0.000000,0.000000,1.000000,88.479980
1523213358.050000,89.240014,89.240014,0.000000,0.000000,0.000000,1.000000,88.240014
1523213358.100000,89.319954,89.319954,0.000000,0.000000,0.000000,1.000000,88.319954
1523213358.150000,89.519997,89.519997,0.000000,0.000000,0.000000,1.000000,88.519997
1523213358.200000,89.260005,89.260005,0.000000,0.000000,0.000000,1.000000,88.260005
1523213358.250000,88.780017,88.780017,0.000000,0.000000,0.000000,1.000000,87.780017
1523213358.300000,88.420021,88.420021,0.000000,0.000000,0.000000,1.000000,87.420021
1523213358.350000,88.180005,88.180005,0.000000,0.000000,0.000000,1.000000,87.180005
1523213358.400000,88.940017,88.940017,0.000000,0.000000,0.000000,1.000000,87.940017
1523213358.450000,89.359986,89.359986,0.000000,0.000000,0.000000,1.000000,88.359986
1523213358.500000,88.020013,88.020013,0.000000,0.000000,0.000000,1.000000,87.020013
1523213358.550000,88.840015,88.840015,0.000000,0.000000,0.000000,1.000000,87.840015
1523213358.600000,89.499975,89.499975,0.000000,0.000000,0.000000,1.000000,88.499975
1523213358.650000,88.659997,88.659997,0.000000,0.000000,0.000000,1.000000,87.659997
1523213358.700000,87.620023,87.620023,0.000000,0.000000,0.000000,1.000000,86.620023
1523213358.750000,89.620015,89.620015,0.000000,0.000000,0.000000,1.000000,88.620015
1523213358.800000,88.479996,88.479996,0.000000,0.000000,0.000000,1.000000,87.479996
1523213358.850000,87.120000,87.120000,0.000000,0.000000,0.000000,1.000000,86.120000
1523213358.900000,89.340007,89.340007,0.000000,0.000000,0.000000,1.000000,88.340007
1523213358.950000,89.599979,89.599979,0.000000,0.000000,0.000000,1.000000,88.599979
1523213359.000000,89.520002,89.520002,0.000000,0.000000,0.000000,1.000000,88.520002
1523213359.050000,85.279984,85.279984,0.000000,0.000000,0.000000,1.000000,84.279984
1523213359.100000,87.939976,87.939976,0.000000,0.000000,0.000000,1.000000,86.939976
1523213359.150000,87.800014,87.800014,0.000000,0.000000,0.000000,1.000000,86.800014
1523213359.200000,87.339960,87.339960,0.000000,0.000000,0.000000,1.000000,86.339960
1523213359.250000,89.479994,89.479994,0.000000,0.000000,0.000000,1.000000,88.479994
1523213359.300000,88.460001,88.460001,0.000000,0.000000,0.000000,1.000000,87.460001
1523213359.350000,88.219995,88.219995,0.000000,0.000000,0.000000,1.000000,87.219995
1523213359.400000,88.779969,88.779969,0.000000,0.000000,0.000000,1.000000,87.779969
1523213359.450000,88.480011,88.480011,0.000000,0.000000,0.000000,1.000000,87.480011
1523213359.500000,89.020006,89.020006,0.000000,0.000000,0.000000,1.000000,88.020006
1523213359.550000,89.699995,89.699995,0.000000,0.000000,0.000000,1.000000,88.699995
1523213359.600000,89.480011,89.480011,0.000000,0.000000,0.000000,1.000000,88.480011
1523213359.650000,89.719997,89.719997,0.000000,0.000000,0.000000,1.000000,88.719997
1523213359.700000,89.360004,89.360004,0.000000,0.000000,0.000000,1.000000,88.360004
1523213359.750000,89.440004,89.440004,0.000000,0.000000,0.000000,1.000000,88.440004
1523213359.800000,89.540000,89.540000,0.000000,0.000000,0.000000,1.000000,88.540000
1523213359.850000,89.020031,89.020031,0.000000,0.000000,0.000000,1.000000,88.020031
1523213359.900000,86.199998,86.199998,0.000000,0.000000,0.000000,1.000000,85.199998
1523213359.950000,87.720023,87.720023,0.000000,0.000000,0.000000,1.000000,86.720023
1523213360.000000,87.680017,87.680017,0.000000,0.000000,0.000000,1.000000,86.680017
1523213360.050000,88.499971,88.499971,0.000000,0.000000,0.000000,1.000000,87.499971
1523213360.100000,88.180027,88.180027,0.000000,0.000000,0.000000,1.000000,87.180027
1523213360.150000,88.700020,88.700020,0.000000,0.000000,0.000000,1.000000,87.700020
1523213360.200000,89.560001,89.560001,0.000000,0.000000,0.000000,1.000000,88.560001
1523213360.250000,89.279990,89.279990,0.000000,0.000000,0.000000,1.000000,88.279990
1523213360.300000,88.840006,88.840006,0.000000,0.000000,0.000000,1.000000,87.840006
1523213360.350000,89.400001,89.400001,0.000000,0.000000,0.000000,1.000000,88.400001
1523213360.400000,88.360011,88.360011,0.000000,0.000000,0.000000,1.000000,87.360011
1523213360.450000,87.280001,87.280001,0.000000,0.000000,0.000000,1.000000,86.280001
1523213360.500000,89.219968,89.219968,0.000000,0.000000,0.000000,1.000000,88.219968
1523213360.550000,89.520012,89.520012,0.000000,0.000000,0.000000,1.000000,88.520012
1523213360.600000,87.380000,87.380000,0.000000,0.000000,0.000000,1.000000,86.380000
1523213360.650000,88.100052,88.100052,0.000000,0.000000,0.000000,1.000000,87.100052
1523213360.700000,88.460038,88.460038,0.000000,0.000000,0.000000,1.000000,87.460038
1523213360.750000,87.739984,87.739984,0.000000,0.000000,0.000000,1.000000,86.739984
1523213360.800000,89.459991,89.459991,0.000000,0.000000,0.000000,1.000000,88.459991
1523213360.850000,88.739978,88.739978,0.000000,0.000000,0.000000,1.000000,87.739978
1523213360.900000,89.479996,89.479996,0.000000,0.000000,0.000000,1.000000,88.479996
1523213360.950000,89.700034,89.700034,0.000000,0.000000,0.000000,1.000000,88.700034
1523213361.000000,89.559988,89.559988,0.000000,0.000000,0.000000,1.000000,88.559988
1523213361.050000,89.739993,89.739993,0.000000,0.000000,0.000000,1.000000,88.739993
1523213361.100000,89.879994,89.879994,0.000000,0.000000,0.000000,1.000000,88.879994
1523213361.150000,89.539988,89.539988,0.000000,0.000000,0.000000,1.000000,88.539988
1523213361.200000,89.219995,89.219995,0.000000,0.000000,0.000000,1.000000,88.219995
1523213361.250000,88.019985,88.019985,0.000000,0.000000,0.000000,1.000000,87.019985
1523213361.300000,88.560021,88.560021,0.000000,0.000000,0.000000,1.000000,87.560021
1523213361.350000,88.659974,88.659974,0.000000,0.000000,0.000000,1.000000,87.659974
1523213361.400000,89.439999,89.439999,0.000000,0.000000,0.000000,1.000000,88.439999
1523213361.450000,89.459982,89.459982,0.000000,0.000000,0.000000,1.000000,88.459982
1523213361.500000,89.480020,89.480020,0.000000,0.000000,0.000000,1.000000,88.480020
1523213361.550000,89.320017,89.320017,0.000000,0.000000,0.000000,1.000000,88.320017
1523213361.600000,88.879988,88.879988,0.000000,0.000000,0.000000,1.000000,87.879988
1523213361.650000,89.719986,89.719986,0.000000,0.000000,0.000000,1.000000,88.719986
1523213361.700000,89.300014,89.300014,0.000000,0.000000,0.000000,1.000000,88.300014
1523213361.750000,89.420000,89.420000,0.000000,0.000000,0.000000,1.000000,88.420000
1523213361.800000,88.020016,88.020016,0.000000,0.000000,0.000000,1.000000,87.020016
1523213361.850000,88.700006,88.700006,0.000000,0.000000,0.000000,1.000000,87.700006
1523213361.900000,89.500003,89.500003,0.000000,0.000000,0.000000,1.000000,88.500003
1523213361.950000,89.699986,89.699986,0.000000,0.000000,0.000000,1.000000,88.699986
1523213362.000000,89.340001,89.340001,0.000000,0.000000,0.000000,1.000000,88.340001
1523213362.050000,88.000009,88.000009,0.000000,0.000000,0.000000,1.000000,87.000009
1523213362.100000,88.999994,88.999994,0.000000,0.000000,0.000000,1.000000,87.999994
1523213362.150000,88.220014,88.220014,0.000000,0.000000,0.000000,1.000000,87.220014
1523213362.200000,88.939978,88.939978,0.000000,0.000000,0.000000,0.279999,88.659979
1523213362.250000,89.060029,89.060029,0.000000,0.000000,0.000000,0.000000,89.060029
1523213362.300000,89.639985,89.639985,0.000000,0.000000,0.000000,0.000000,89.639985
1523213362.350000,89.399991,89.399991,0.000000,0.000000,0.000000,0.000000,89.399991
1523213362.400000,89.400002,89.400002,0.000000,0.000000,0.000000,0.000000,89.400002
1523213362.450000,88.960011,88.960011,0.000000,0.000000,0.000000,0.000000,88.960011
1523213362.500000,89.619986,89.619986,0.000000,0.000000,0.000000,0.000000,89.619986
1523213362.550000,87.940014,87.940014,0.000000,0.000000,0.000000,0.000000,87.940014
1523213362.600000,87.600019,87.600019,0.000000,0.000000,0.000000,0.000000,87.600019
1523213362.650000,88.839977,88.839977,0.000000,0.000000,0.000000,0.000000,88.839977
1523213362.700000,88.520030,88.520030,0.000000,0.000000,0.000000,0.000000,88.520030
1523213362.750000,89.159982,89.159982,0.000000,0.000000,0.000000,0.000000,89.159982
1523213362.800000,89.260013,89.260013,0.000000,0.000000,0.000000,0.000000,89.260013
1523213362.850000,88.740003,88.740003,0.000000,0.000000,0.000000,0.000000,88.740003
1523213362.900000,89.660003,89.660003,0.000000,0.000000,0.000000,0.000000,89.660003
1523213362.950000,88.359952,88.359952,0.000000,0.000000,0.000000,0.000000,88.359952
1523213363.000000,89.200011,89.200011,0.000000,0.000000,0.000000,0.000000,89.200011
1523213363.050000,89.020022,89.020022,0.000000,0.000000,0.000000,0.000000,89.020022
1523213363.100000,89.100008,89.100008,0.000000,0.000000,0.000000,0.000000,89.100008
1523213363.150000,89.480000,89.480000,0.000000,0.000000,0.000000,0.000000,89.480000
1523213363.200000,88.840024,88.840024,0.000000,0.000000,0.000000,0.000000,88.840024
1523213363.250000,89.319988,89.319988,0.000000,0.000000,0.000000,0.000000,89.319988
1523213363.300000,89.659993,89.659993,0.000000,0.000000,0.000000,0.000000,89.659993
1523213363.350000,89.239977,89.239977,0.000000,0.000000,0.000000,0.000000,89.239977
1523213363.400000,89.280003,89.280003,0.000000,0.000000,0.000000,0.000000,89.280003
1523213363.450000,85.099968,85.099968,0.000000,0.000000,0.000000,0.000000,85.099968
1523213363.500000,89.539965,89.539965,0.000000,0.000000,0.000000,0.000000,89.539965
1523213363.550000,87.800001,87.800001,0.000000,0.000000,0.000000,0.000000,87.800001
1523213363.600000,89.519994,89.519994,0.000000,0.000000,0.000000,0.000000,89.519994
1523213363.650000,86.680011,86.680011,0.000000,0.000000,0.000000,0.000000,86.680011
1523213363.700000,89.180023,89.180023,0.000000,0.000000,0.000000,0.000000,89.180023
1523213363.750000,89.560028,89.560028,0.000000,0.000000,0.000000,0.000000,89.560028
1523213363.800000,88.040024,88.040024,0.000000,0.000000,0.000000,0.000000,88.040024
1523213363.850000,89.439973,89.439973,0.000000,0.000000,0.000000,0.000000,89.439973
1523213363.900000,89.159958,89.159958,0.000000,0.000000,0.000000,0.000000,89.159958
1523213363.950000,89.659996,89.659996,0.000000,0.000000,0.000000,0.000000,89.659996
1523213364.000000,89.860012,89.860012,0.000000,0.000000,0.000000,0.000000,89.860012
1523213364.050000,89.619989,89.619989,0.000000,0.000000,0.000000,0.000000,89.619989
1523213364.100000,89.460002,89.460002,0.000000,0.000000,0.000000,0.000000,89.460002
1523213364.150000,89.419982,89.419982,0.000000,0.000000,0.000000,0.000000,89.419982
1523213364.200000,89.399994,89.399994,0.000000,0.000000,0.000000,0.000000,89.399994
1523213364.250000,89.500011,89.500011,0.000000,0.000000,0.000000,0.000000,89.500011
1523213364.300000,89.380011,89.380011,0.000000,0.000000,0.000000,0.000000,89.380011
1523213364.350000,89.719984,89.719984,0.000000,0.000000,0.000000,0.000000,89.719984
1523213364.400000,83.079986,83.079986,0.000000,0.000000,0.000000,0.000000,83.079986
1523213364.450000,89.079974,89.079974,0.000000,0.000000,0.000000,0.000000,89.079974
1523213364.500000,88.400012,88.400012,0.000000,0.000000,0.000000,0.000000,88.400012
1523213364.550000,88.980004,88.980004,0.000000,0.000000,0.000000,0.000000,88.980004
1523213364.600000,88.460018,88.460018,0.000000,0.000000,0.000000,0.000000,88.460018
1523213364.650000,88.879972,88.879972,0.000000,0.000000,0.000000,0.000000,88.879972
1523213364.700000,89.219988,89.219988,0.000000,0.000000,0.000000,0.000000,89.219988
1523213364.750000,88.259988,88.259988,0.000000,0.000000,0.000000,0.000000,88.259988
1523213364.800000,88.779965,88.779965,0.000000,0.000000,0.000000,0.000000,88.779965
1523213364.850000,89.540009,89.540009,0.000000,0.000000,0.000000,0.000000,89.540009
1523213364.900000,88.760007,88.760007,0.000000,0.000000,0.000000,0.000000,88.760007
1523213364.950000,87.639972,87.639972,0.000000,0.000000,0.000000,0.000000,87.639972
1523213365.000000,87.800020,87.800020,0.000000,0.000000,0.000000,0.000000,87.800020
1523213365.050000,88.520017,88.520017,0.000000,0.000000,0.000000,0.000000,88.520017
1523213365.100000,88.959955,88.959955,0.000000,0.000000,0.000000,0.000000,88.959955
1523213365.150000,89.020021,89.020021,0.000000,0.000000,0.000000,0.000000,89.020021
1523213365.200000,89.319976,89.319976,0.000000,0.000000,0.000000,0.000000,89.319976
1523213365.250000,89.299996,89.299996,0.000000,0.000000,0.000000,0.000000,89.299996
1523213365.300000,88.279994,88.279994,0.000000,0.000000,0.000000,0.000000,88.279994
1523213365.350000,89.219997,89.219997,0.000000,0.000000,0.000000,0.000000,89.219997
1523213365.400000,89.300002,89.300002,0.000000,0.000000,0.000000,0.000000,89.300002
1523213365.450000,88.660007,88.660007,0.000000,0.000000,0.000000,0.000000,88.660007
1523213365.500000,89.720011,89.720011,0.000000,0.000000,0.000000,0.000000,89.720011
1523213365.550000,88.499970,88.499970,0.000000,0.000000,0.000000,0.000000,88.499970
1523213365.600000,89.020001,89.020001,0.000000,0.000000,0.000000,0.000000,89.020001
1523213365.650000,89.840027,89.840027,0.000000,0.000000,0.000000,0.000000,89.840027
1523213365.700000,89.380011,89.380011,0.000000,0.000000,0.000000,0.000000,89.380011
1523213365.750000,88.940012,88.940012,0.000000,0.000000,0.000000,0.000000,88.940012
1523213365.800000,89.040019,89.040019,0.000000,0.000000,0.000000,0.000000,89.040019
1523213365.850000,89.499992,89.499992,0.000000,0.000000,0.000000,0.000000,89.499992
1523213365.900000,88.879992,88.879992,0.000000,0.000000,0.000000,0.000000,88.879992
1523213365.950000,89.780007,89.780007,0.000000,0.000000,0.000000,0.000000,89.780007
1523213366.000000,88.379954,88.379954,0.000000,0.000000,0.000000,0.000000,88.379954
1523213366.050000,87.219972,87.219972,0.000000,0.000000,0.000000,0.000000,87.219972
1523213366.100000,89.239979,89.239979,0.000000,0.000000,0.000000,0.000000,89.239979
1523213366.150000,87.620053,87.620053,0.000000,0.000000,0.000000,0.000000,87.620053
1523213366.200000,89.519983,89.519983,0.000000,0.000000,0.000000,0.000000,89.519983
1523213366.250000,87.779995,87.779995,0.000000,0.000000,0.000000,0.000000,87.779995
1523213366.300000,88.800000,88.800000,0.000000,0.000000,0.000000,0.000000,88.800000
1523213366.350000,89.740008,89.740008,0.000000,0.000000,0.000000,0.000000,89.740008
1523213366.400000,88.899995,88.899995,0.000000,0.000000,0.000000,0.000000,88.899995
1523213366.450000,89.000014,89.000014,0.000000,0.000000,0.000000,0.000000,89.000014
1523213366.500000,88.280023,88.280023,0.000000,0.000000,0.000000,0.000000,88.280023
1523213366.550000,89.699985,89.699985,0.000000,0.000000,0.000000,0.000000,89.699985
1523213366.600000,87.259971,87.259971,0.000000,0.000000,0.000000,0.000000,87.259971
1523213366.650000,89.220023,89.220023,0.000000,0.000000,0.000000,0.000000,89.220023
1523213366.700000,89.520007,89.520007,0.000000,0.000000,0.000000,0.000000,89.520007
1523213366.750000,89.340013,89.340013,0.000000,0.000000,0.000000,0.000000,89.340013
1523213366.800000,88.500005,88.500005,0.000000,0.000000,0.000000,0.000000,88.500005
1523213366.850000,89.479965,89.479965,0.000000,0.000000,0.000000,0.000000,89.479965
1523213366.900000,89.119984,89.119984,0.000000,0.000000,0.000000,0.000000,89.119984
1523213366.950000,89.359988,89.359988,0.000000,0.000000,0.000000,0.000000,89.359988
1523213367.000000,88.880026,88.880026,0.000000,0.000000,0.000000,0.000000,88.880026
1523213367.050000,89.720015,89.720015,0.000000,0.000000,0.000000,0.000000,89.720015
1523213367.100000,89.840012,89.840012,0.000000,0.000000,0.000000,0.000000,89.840012
1523213367.150000,88.979999,88.979999,0.000000,0.000000,0.000000,0.000000,88.979999
1523213367.200000,88.639988,88.639988,0.000000,0.000000,0.000000,0.000000,88.639988
1523213367.250000,89.300024,89.300024,0.000000,0.000000,0.000000,0.000000,89.300024
1523213367.300000,87.400013,87.400013,0.000000,0.000000,0.000000,0.000000,87.400013
1523213367.350000,89.580009,89.580009,0.000000,0.000000,0.000000,0.000000,89.580009
1523213367.400000,87.500028,87.500028,0.000000,0.000000,0.000000,0.000000,87.500028
1523213367.450000,89.100000,89.100000,0.000000,0.000000,0.000000,0.000000,89.100000
1523213367.500000,89.139997,89.139997,0.000000,0.000000,0.000000,0.000000,89.139997
1523213367.550000,88.939972,88.939972,0.000000,0.000000,0.000000,0.000000,88.939972
1523213367.600000,89.679986,89.679986,0.000000,0.000000,0.000000,0.000000,89.679986
1523213367.650000,88.719986,88.719986,0.000000,0.000000,0.000000,0.000000,88.719986
1523213367.700000,89.660007,89.660007,0.000000,0.000000,0.000000,0.000000,89.660007
1523213367.750000,89.040009,89.040009,0.000000,0.000000,0.000000,0.000000,89.040009
1523213367.800000,89.200026,89.200026,0.000000,0.000000,0.000000,0.000000,89.200026
1523213367.850000,88.839986,88.839986,0.000000,0.000000,0.000000,0.000000,88.839986
1523213367.900000,89.519995,89.519995,0.000000,0.000000,0.000000,0.000000,89.519995
1523213367.950000,89.179996,89.179996,0.000000,0.000000,0.000000,0.000000,89.179996
1523213368.000000,88.259995,88.259995,0.000000,0.000000,0.000000,0.000000,88.259995
1523213368.050000,89.480019,89.480019,0.000000,0.000000,0.000000,0.000000,89.480019
1523213368.100000,89.419975,89.419975,0.000000,0.000000,0.000000,0.000000,89.419975
1523213368.150000,89.320014,89.320014,0.000000,0.000000,0.000000,0.000000,89.320014
1523213368.200000,89.160022,89.160022,0.000000,0.000000,0.000000,0.000000,89.160022
1523213368.250000,89.960011,89.960011,0.000000,0.000000,0.000000,0.000000,89.960011
1523213368.300000,88.140002,88.140002,0.000000,0.000000,0.000000,0.000000,88.140002
1523213368.350000,88.900000,88.900000,0.000000,0.000000,0.000000,0.000000,88.900000
1523213368.400000,89.279992,89.279992,0.000000,0.000000,0.000000,0.000000,89.279992
1523213368.450000,89.880008,89.880008,0.000000,0.000000,0.000000,0.000000,89.880008
1523213368.500000,88.820002,88.820002,0.000000,0.000000,0.000000,0.000000,88.820002
1523213368.550000,88.359999,88.359999,0.000000,0.000000,0.000000,0.000000,88.359999
1523213368.600000,89.959984,89.959984,0.000000,0.000000,0.000000,0.000000,89.959984
1523213368.650000,88.060015,88.060015,0.000000,0.000000,0.000000,0.000000,88.060015
1523213368.700000,88.959991,88.959991,0.000000,0.000000,0.000000,0.000000,88.959991
1523213368.750000,86.499983,86.499983,0.000000,0.000000,0.000000,0.000000,86.499983
1523213368.800000,84.340003,84.340003,0.000000,0.000000,0.000000,0.000000,84.340003
1523213368.850000,89.220019,89.220019,0.000000,0.000000,0.000000,0.000000,89.220019
1523213368.900000,88.360010,88.360010,0.000000,0.000000,0.000000,0.000000,88.360010
1523213368.950000,89.120010,89.120010,0.000000,0.000000,0.000000,0.000000,89.120010
1523213369.000000,89.160006,89.160006,0.000000,0.000000,0.000000,0.000000,89.160006
1523213369.050000,89.659997,89.659997,0.000000,0.000000,0.000000,0.000000,89.659997
1523213369.100000,88.980005,88.980005,0.000000,0.000000,0.000000,0.000000,88.980005
1523213369.150000,89.379991,89.379991,0.000000,0.000000,0.000000,0.000000,89.379991
1523213369.200000,89.620001,89.620001,0.000000,0.000000,0.000000,0.000000,89.620001
1523213369.250000,88.000002,88.000002,0.000000,0.000000,0.000000,0.000000,88.000002
1523213369.300000,89.599991,89.599991,0.000000,0.000000,0.000000,0.000000,89.599991
1523213369.350000,89.139986,89.139986,0.000000,0.000000,0.000000,0.000000,89.139986
1523213369.400000,88.840014,88.840014,0.000000,0.000000,0.000000,0.000000,88.840014
1523213369.450000,89.439978,89.439978,0.000000,0.000000,0.000000,0.000000,89.439978
1523213369.500000,88.780019,88.780019,0.000000,0.000000,0.000000,0.000000,88.780019
1523213369.550000,89.060019,89.060019,0.000000,0.000000,0.000000,0.000000,89.060019
1523213369.600000,89.559974,89.559974,0.000000,0.000000,0.000000,0.000000,89.559974
1523213369.650000,89.739998,89.739998,0.000000,0.000000,0.000000,0.000000,89.739998
1523213369.700000,89.199983,89.199983,0.000000,0.000000,0.000000,0.000000,89.199983
1523213369.750000,87.800005,87.800005,0.000000,0.000000,0.000000,0.000000,87.800005
1523213369.800000,87.680023,87.680023,0.000000,0.000000,0.000000,0.000000,87.680023
1523213369.850000,89.720003,89.720003,0.000000,0.000000,0.000000,0.000000,89.720003
1523213369.900000,89.860022,89.860022,0.000000,0.000000,0.000000,0.000000,89.860022
1523213369.950000,88.699976,88.699976,0.000000,0.000000,0.000000,0.000000,88.699976
1523213370.000000,88.319961,88.319961,0.000000,0.000000,0.000000,0.000000,88.319961
1523213370.050000,89.079996,89.079996,0.000000,0.000000,0.000000,0.000000,89.079996
1523213370.100000,89.859993,89.859993,0.000000,0.000000,0.000000,0.000000,89.859993
1523213370.150000,85.339989,85.339989,0.000000,0.000000,0.000000,0.000000,85.339989
1523213370.200000,89.159993,89.159993,0.000000,0.000000,0.000000,0.000000,89.159993
1523213370.250000,89.299990,89.299990,0.000000,0.000000,0.000000,0.000000,89.299990
1523213370.300000,88.319969,88.319969,0.000000,0.000000,0.000000,0.000000,88.319969
1523213370.350000,88.639975,88.639975,0.000000,0.000000,0.000000,0.000000,88.639975
1523213370.400000,88.540040,88.540040,0.000000,0.000000,0.000000,0.000000,88.540040
1523213370.450000,89.560022,89.560022,0.000000,0.000000,0.000000,0.000000,89.560022
1523213370.500000,89.080015,89.080015,0.000000,0.000000,0.000000,0.000000,89.080015
1523213370.550000,89.540006,89.540006,0.000000,0.000000,0.000000,0.000000,89.540006
1523213370.600000,88.640000,88.640000,0.000000,0.000000,0.000000,0.000000,88.640000
1523213370.650000,89.079992,89.079992,0.000000,0.000000,0.000000,0.000000,89.079992
1523213370.700000,87.879978,87.879978,0.000000,0.000000,0.000000,0.000000,87.879978
1523213370.750000,89.559964,89.559964,0.000000,0.000000,0.000000,0.000000,89.559964
1523213370.800000,88.059989,88.059989,0.000000,0.000000,0.000000,0.000000,88.059989
1523213370.850000,89.559973,89.559973,0.000000,0.000000,0.000000,0.000000,89.559973
1523213370.900000,89.560008,89.560008,0.000000,0.000000,0.000000,0.000000,89.560008
1523213370.950000,89.240019,89.240019,0.000000,0.000000,0.000000,0.000000,89.240019
1523213371.000000,88.860003,88.860003,0.000000,0.000000,0.000000,0.000000,88.860003
1523213371.050000,89.399996,89.399996,0.000000,0.000000,0.000000,0.000000,89.399996
1523213371.100000,89.280021,89.280021,0.000000,0.000000,0.000000,0.000000,89.280021
1523213371.150000,88.400002,88.400002,0.000000,0.000000,0.000000,0.000000,88.400002
1523213371.200000,88.739988,88.739988,0.000000,0.000000,0.000000,0.000000,88.739988
1523213371.250000,88.299996,88.299996,0.000000,0.000000,0.000000,0.000000,88.299996
1523213371.300000,89.120000,89.120000,0.000000,0.000000,0.000000,0.000000,89.120000
1523213371.350000,88.619988,88.619988,0.000000,0.000000,0.000000,0.000000,88.619988
1523213371.400000,89.439989,89.439989,0.000000,0.000000,0.000000,0.000000,89.439989
1523213371.450000,89.020010,89.020010,0.000000,0.000000,0.000000,0.000000,89.020010
1523213371.500000,87.879991,87.879991,0.000000,0.000000,0.000000,0.000000,87.879991
1523213371.550000,89.100019,89.100019,0.000000,0.000000,0.000000,0.000000,89.100019
1523213371.600000,88.079970,88.079970,0.000000,0.000000,0.000000,0.000000,88.079970
1523213371.650000,88.420015,88.420015,0.000000,0.000000,0.000000,0.000000,88.420015
1523213371.700000,89.220009,89.220009,0.000000,0.000000,0.000000,0.000000,89.220009
1523213371.750000,89.820021,89.820021,0.000000,0.000000,0.000000,0.000000,89.820021
1523213371.800000,89.019943,89.019943,0.000000,0.000000,0.000000,0.000000,89.019943
1523213371.850000,88.160001,88.160001,0.000000,0.000000,0.000000,0.000000,88.160001
1523213371.900000,89.639988,89.639988,0.000000,0.000000,0.000000,0.000000,89.639988
1523213371.950000,88.800026,88.800026,0.000000,0.000000,0.000000,0.000000,88.800026
1523213372.000000,87.000033,87.000033,0.000000,0.000000,0.000000,0.000000,87.000033
1523213372.050000,88.979997,88.979997,0.000000,0.000000,0.000000,0.000000,88.979997
1523213372.100000,89.320024,89.320024,0.000000,0.000000,0.000000,0.000000,89.320024
1523213372.150000,89.539988,89.539988,0.000000,0.000000,0.000000,0.000000,89.539988
1523213372.200000,88.299960,88.299960,0.000000,0.000000,0.000000,0.000000,88.299960
1523213372.250000,88.799988,88.799988,0.000000,0.000000,0.000000,0.000000,88.799988
1523213372.300000,88.720000,88.720000,0.000000,0.000000,0.000000,0.000000,88.720000
1523213372.350000,89.600000,89.600000,0.000000,0.000000,0.000000,0.000000,89.600000
1523213372.400000,88.900031,88.900031,0.000000,0.000000,0.000000,0.000000,88.900031
1523213372.450000,89.199990,89.199990,0.000000,0.000000,0.000000,0.000000,89.199990
1523213372.500000,89.180008,89.180008,0.000000,0.000000,0.000000,0.000000,89.180008
1523213372.550000,89.379989,89.379989,0.000000,0.000000,0.000000,0.000000,89.379989
1523213372.600000,87.019990,87.019990,0.000000,0.000000,0.000000,0.000000,87.019990
1523213372.650000,89.540021,89.540021,0.000000,0.000000,0.000000,0.000000,89.540021
1523213372.700000,88.679980,88.679980,0.000000,0.000000,0.000000,0.000000,88.679980
1523213372.750000,89.179994,89.179994,0.000000,0.000000,0.000000,0.000000,89.179994
1523213372.800000,89.340014,89.340014,0.000000,0.000000,0.000000,0.000000,89.340014
1523213372.850000,89.799997,89.799997,0.000000,0.000000,0.000000,0.000000,89.799997
1523213372.900000,89.260013,89.260013,0.000000,0.000000,0.000000,0.000000,89.260013
1523213372.950000,87.899991,87.899991,0.000000,0.000000,0.000000,0.000000,87.899991
1523213373.000000,86.880018,86.880018,0.000000,0.000000,0.000000,0.000000,86.880018
1523213373.050000,89.560000,89.560000,0.000000,0.000000,0.000000,0.000000,89.560000
1523213373.100000,87.680021,87.680021,0.000000,0.000000,0.000000,0.000000,87.680021
1523213373.150000,88.320013,88.320013,0.000000,0.000000,0.000000,0.000000,88.320013
1523213373.200000,89.139997,89.139997,0.000000,0.000000,0.000000,0.000000,89.139997
1523213373.250000,89.259996,89.259996,0.000000,0.000000,0.000000,0.000000,89.259996
1523213373.300000,87.739991,87.739991,0.000000,0.000000,0.000000,0.000000,87.739991
1523213373.350000,89.520025,89.520025,0.000000,0.000000,0.000000,0.000000,89.520025
1523213373.400000,89.819981,89.819981,0.000000,0.000000,0.000000,0.000000,89.819981
1523213373.450000,87.480000,87.480000,0.000000,0.000000,0.000000,0.000000,87.480000
1523213373.500000,89.440038,89.440038,0.000000,0.000000,0.000000,0.000000,89.440038
1523213373.550000,88.339981,88.339981,0.000000,0.000000,0.000000,0.000000,88.339981
1523213373.600000,89.639975,89.639975,0.000000,0.000000,0.000000,0.000000,89.639975
1523213373.650000,89.760010,89.760010,0.000000,0.000000,0.000000,0.000000,89.760010
1523213373.700000,89.159981,89.159981,0.000000,0.000000,0.000000,0.000000,89.159981
1523213373.750000,85.920012,85.920012,0.000000,0.000000,0.000000,0.000000,85.920012
1523213373.800000,89.760011,89.760011,0.000000,0.000000,0.000000,0.000000,89.760011
1523213373.850000,88.099989,88.099989,0.000000,0.000000,0.000000,0.000000,88.099989
1523213373.900000,89.160007,89.160007,0.000000,0.000000,0.000000,0.000000,89.160007
1523213373.950000,89.020021,89.020021,0.000000,0.000000,0.000000,0.000000,89.020021
1523213374.000000,88.340043,88.340043,0.000000,0.000000,0.000000,0.000000,88.340043
1523213374.050000,89.019999,89.019999,0.000000,0.000000,0.000000,0.000000,89.019999
1523213374.100000,89.459976,89.459976,0.000000,0.000000,0.000000,0.000000,89.459976
1523213374.150000,88.739998,88.739998,0.000000,0.000000,0.000000,0.000000,88.739998
1523213374.200000,89.400000,89.400000,0.000000,0.000000,0.000000,0.000000,89.400000
1523213374.250000,89.939989,89.939989,0.000000,0.000000,0.000000,0.000000,89.939989
1523213374.300000,88.759949,88.759949,0.000000,0.000000,0.000000,0.000000,88.759949
1523213374.350000,88.339954,88.339954,0.000000,0.000000,0.000000,0.000000,88.339954
1523213374.400000,89.340015,89.340015,0.000000,0.000000,0.000000,0.000000,89.340015
1523213374.450000,89.519977,89.519977,0.000000,0.000000,0.000000,0.000000,89.519977
1523213374.500000,89.420008,89.420008,0.000000,0.000000,0.000000,0.000000,89.420008
1523213374.550000,89.100020,89.100020,0.000000,0.000000,0.000000,0.000000,89.100020
1523213374.600000,88.840002,88.840002,0.000000,0.000000,0.000000,0.000000,88.840002
1523213374.650000,89.700010,89.700010,0.000000,0.000000,0.000000,0.000000,89.700010
1523213374.700000,88.620015,88.620015,0.000000,0.000000,0.000000,0.000000,88.620015
1523213374.750000,87.000001,87.000001,0.000000,0.000000,0.000000,0.000000,87.000001
1523213374.800000,88.679981,88.679981,0.000000,0.000000,0.000000,0.000000,88.679981
1523213374.850000,68.340024,68.340024,0.000000,0.000000,0.000000,0.000000,68.340024
1523213374.900000,2.740002,2.740002,0.000000,0.000000,0.000000,0.000000,2.740002
1523213374.950000,0.540001,0.540001,0.000000,0.000000,0.000000,0.000000,0.540001
1523213375.000000,0.000000,0.000000,0.000000,0.000000,0.000000,0.000000,0.000000
1523213375.050000,45.980025,45.980025,0.000000,0.000000,0.000000,0.000000,45.980025
1523213375.100000,88.120009,88.120009,0.000000,0.000000,0.000000,0.000000,88.120009
1523213375.150000,89.319969,89.319969,0.000000,0.000000,0.000000,0.000000,89.319969
1523213375.200000,88.259978,88.259978,0.000000,0.000000,0.000000,0.000000,88.259978
1523213375.250000,88.919977,88.919977,0.000000,0.000000,0.000000,0.000000,88.919977
1523213375.300000,89.079999,89.079999,0.000000,0.000000,0.000000,0.000000,89.079999
1523213375.350000,89.519992,89.519992,0.000000,0.000000,0.000000,0.000000,89.519992
1523213375.400000,85.719989,85.719989,0.000000,0.000000,0.000000,0.000000,85.719989
1523213375.450000,89.619978,89.619978,0.000000,0.000000,0.000000,0.000000,89.619978
1523213375.500000,89.800018,89.800018,0.000000,0.000000,0.000000,0.000000,89.800018
1523213375.550000,89.800010,89.800010,0.000000,0.000000,0.000000,0.000000,89.800010
1523213375.600000,89.019989,89.019989,0.000000,0.000000,0.000000,0.000000,89.019989
1523213375.650000,89.579994,89.579994,0.000000,0.000000,0.000000,0.000000,89.579994
1523213375.700000,89.100008,89.100008,0.000000,0.000000,0.000000,0.000000,89.100008
1523213375.750000,88.059966,88.059966,0.000000,0.000000,0.000000,0.000000,88.059966
1523213375.800000,89.620014,89.620014,0.000000,0.000000,0.000000,0.000000,89.620014
1523213375.850000,89.799983,89.799983,0.000000,0.000000,0.000000,0.000000,89.799983
1523213375.900000,89.599992,89.599992,0.000000,0.000000,0.000000,0.000000,89.599992
1523213375.950000,89.619989,89.619989,0.000000,0.000000,0.000000,0.000000,89.619989
1523213376.000000,89.140002,89.140002,0.000000,0.000000,0.000000,0.000000,89.140002
1523213376.050000,89.299987,89.299987,0.000000,0.000000,0.000000,0.000000,89.299987
1523213376.100000,89.859997,89.859997,0.000000,0.000000,0.000000,0.000000,89.859997
1523213376.150000,89.420013,89.420013,0.000000,0.000000,0.000000,0.000000,89.420013
1523213376.200000,87.740006,87.740006,0.000000,0.000000,0.000000,0.000000,87.740006
1523213376.250000,88.659988,88.659988,0.000000,0.000000,0.000000,0.000000,88.659988
1523213376.300000,88.840021,88.840021,0.000000,0.000000,0.000000,0.000000,88.840021
1523213376.350000,88.259989,88.259989,0.000000,0.000000,0.000000,0.000000,88.259989
1523213376.400000,87.159986,87.159986,0.000000,0.000000,0.000000,0.000000,87.159986
1523213376.450000,86.780040,86.780040,0.000000,0.000000,0.000000,0.000000,86.780040
1523213376.500000,79.839991,79.839991,0.000000,0.000000,0.000000,0.000000,79.839991
1523213376.550000,88.879970,88.879970,0.000000,0.000000,0.000000,0.000000,88.879970
1523213376.600000,82.119991,82.119991,0.000000,0.000000,0.000000,0.000000,82.119991
1523213376.650000,87.819983,87.819983,0.000000,0.000000,0.000000,0.000000,87.819983
1523213376.700000,88.200015,88.200015,0.000000,0.000000,0.000000,0.000000,88.200015
1523213376.750000,88.339999,88.339999,0.000000,0.000000,0.000000,0.000000,88.339999
1523213376.800000,88.680021,88.680021,0.000000,0.000000,0.000000,0.000000,88.680021
1523213376.850000,88.439960,88.439960,0.000000,0.000000,0.000000,0.000000,88.439960
1523213376.900000,89.260030,89.260030,0.000000,0.000000,0.000000,0.000000,89.260030
1523213376.950000,88.079975,88.079975,0.000000,0.000000,0.000000,0.000000,88.079975
1523213377.000000,89.640006,89.640006,0.000000,0.000000,0.000000,0.000000,89.640006
1523213377.050000,89.399989,89.399989,0.000000,0.000000,0.000000,0.000000,89.399989
1523213377.100000,88.659977,88.659977,0.000000,0.000000,0.000000,0.000000,88.659977
1523213377.150000,87.760007,87.760007,0.000000,0.000000,0.000000,0.000000,87.760007
1523213377.200000,89.820001,89.820001,0.000000,0.000000,0.000000,0.000000,89.820001
1523213377.250000,89.159983,89.159983,0.000000,0.000000,0.000000,0.000000,89.159983
1523213377.300000,89.300031,89.300031,0.000000,0.000000,0.000000,0.000000,89.300031
1523213377.350000,89.460007,89.460007,0.000000,0.000000,0.000000,0.000000,89.460007
1523213377.400000,89.600027,89.600027,0.000000,0.000000,0.000000,0.000000,89.600027
1523213377.450000,89.499984,89.499984,0.000000,0.000000,0.000000,0.000000,89.499984
1523213377.500000,89.079979,89.079979,0.000000,0.000000,0.000000,0.000000,89.079979
1523213377.550000,88.779972,88.779972,0.000000,0.000000,0.000000,0.000000,88.779972
1523213377.600000,89.379988,89.379988,0.000000,0.000000,0.000000,0.000000,89.379988
1523213377.650000,89.060021,89.060021,0.000000,0.000000,0.000000,0.000000,89.060021
1523213377.700000,89.840007,89.840007,0.000000,0.000000,0.000000,0.000000,89.840007
1523213377.750000,89.400000,89.400000,0.000000,0.000000,0.000000,0.000000,89.400000
1523213377.800000,89.719996,89.719996,0.000000,0.000000,0.000000,0.000000,89.719996
1523213377.850000,89.079981,89.079981,0.000000,0.000000,0.000000,0.000000,89.079981
1523213377.900000,89.959991,89.959991,0.000000,0.000000,0.000000,0.000000,89.959991
1523213377.950000,88.959968,88.959968,0.000000,0.000000,0.000000,0.000000,88.959968
1523213378.000000,89.479982,89.479982,0.000000,0.000000,0.000000,0.000000,89.479982
1523213378.050000,89.820013,89.820013,0.000000,0.000000,0.000000,0.000000,89.820013
1523213378.100000,89.379996,89.379996,0.000000,0.000000,0.000000,0.000000,89.379996
1523213378.150000,87.900004,87.900004,0.000000,0.000000,0.000000,0.000000,87.900004
1523213378.200000,89.360006,89.360006,0.000000,0.000000,0.000000,0.000000,89.360006
1523213378.250000,88.620007,88.620007,0.000000,0.000000,0.000000,0.000000,88.620007
1523213378.300000,86.719999,86.719999,0.000000,0.000000,0.000000,0.000000,86.719999
1523213378.350000,86.880014,86.880014,0.000000,0.000000,0.000000,0.000000,86.880014
1523213378.400000,89.079999,89.079999,0.000000,0.000000,0.000000,0.000000,89.079999
1523213378.450000,89.339977,89.339977,0.000000,0.000000,0.000000,0.000000,89.339977
1523213378.500000,87.419994,87.419994,0.000000,0.000000,0.000000,0.000000,87.419994
1523213378.550000,88.700022,88.700022,0.000000,0.000000,0.000000,0.000000,88.700022
1523213378.600000,89.020016,89.020016,0.000000,0.000000,0.000000,0.000000,89.020016
1523213378.650000,88.760035,88.760035,0.000000,0.000000,0.000000,0.000000,88.760035
1523213378.700000,87.899984,87.899984,0.000000,0.000000,0.000000,0.000000,87.899984
1523213378.750000,88.280017,88.280017,0.000000,0.000000,0.000000,0.000000,88.280017
1523213378.800000,89.819983,89.819983,0.000000,0.000000,0.000000,0.000000,89.819983
1523213378.850000,83.540010,83.540010,0.000000,0.000000,0.000000,0.000000,83.540010
1523213378.900000,89.240018,89.240018,0.000000,0.000000,0.000000,0.000000,89.240018
1523213378.950000,89.400013,89.400013,0.000000,0.000000,0.000000,0.000000,89.400013
1523213379.000000,89.340022,89.340022,0.000000,0.000000,0.000000,0.000000,89.340022
1523213379.050000,88.899972,88.899972,0.000000,0.000000,0.000000,0.000000,88.899972
1523213379.100000,89.499968,89.499968,0.000000,0.000000,0.000000,0.000000,89.499968
1523213379.150000,89.700003,89.700003,0.000000,0.000000,0.000000,0.000000,89.700003
1523213379.200000,88.799996,88.799996,0.000000,0.000000,0.000000,0.000000,88.799996
1523213379.250000,89.679998,89.679998,0.000000,0.000000,0.000000,0.000000,89.679998
1523213379.300000,89.540030,89.540030,0.000000,0.000000,0.000000,0.000000,89.540030
1523213379.350000,89.639993,89.639993,0.000000,0.000000,0.000000,0.000000,89.639993
1523213379.400000,89.740003,89.740003,0.000000,0.000000,0.000000,0.000000,89.740003
1523213379.450000,88.879988,88.879988,0.000000,0.000000,0.000000,0.000000,88.879988
1523213379.500000,88.400006,88.400006,0.000000,0.000000,0.000000,0.000000,88.400006
1523213379.550000,88.480017,88.480017,0.000000,0.000000,0.000000,0.000000,88.480017
1523213379.600000,89.099998,89.099998,0.000000,0.000000,0.000000,0.000000,89.099998
1523213379.650000,89.320002,89.320002,0.000000,0.000000,0.000000,0.000000,89.320002
1523213379.700000,89.519992,89.519992,0.000000,0.000000,0.000000,0.000000,89.519992
1523213379.750000,85.620033,85.620033,0.000000,0.000000,0.000000,0.000000,85.620033
1523213379.800000,89.239992,89.239992,0.000000,0.000000,0.000000,0.000000,89.239992
1523213379.850000,88.600016,88.600016,0.000000,0.000000,0.000000,0.000000,88.600016
1523213379.900000,89.460019,89.460019,0.000000,0.000000,0.000000,0.000000,89.460019
1523213379.950000,83.420024,83.420024,0.000000,0.000000,0.000000,0.000000,83.420024
1523213380.000000,89.739987,89.739987,0.000000,0.000000,0.000000,0.000000,89.739987
1523213380.050000,89.679999,89.679999,0.000000,0.000000,0.000000,0.000000,89.679999
1523213380.100000,89.760005,89.760005,0.000000,0.000000,0.000000,0.000000,89.760005
1523213380.150000,89.980003,89.980003,0.000000,0.000000,0.000000,0.000000,89.980003
1523213380.200000,89.399978,89.399978,0.000000,0.000000,0.000000,0.000000,89.399978
1523213380.250000,89.420018,89.420018,0.000000,0.000000,0.000000,0.000000,89.420018
1523213380.300000,89.840006,89.840006,0.000000,0.000000,0.000000,0.000000,89.840006
1523213380.350000,89.440025,89.440025,0.000000,0.000000,0.000000,0.000000,89.440025
1523213380.400000,89.020021,89.020021,0.000000,0.000000,0.000000,0.000000,89.020021
1523213380.450000,88.059965,88.059965,0.000000,0.000000,0.000000,0.000000,88.059965
1523213380.500000,89.419984,89.419984,0.000000,0.000000,0.000000,0.000000,89.419984
1523213380.550000,89.260039,89.260039,0.000000,0.000000,0.000000,0.000000,89.260039
1523213380.600000,89.180001,89.180001,0.000000,0.000000,0.000000,0.000000,89.180001
1523213380.650000,88.940001,88.940001,0.000000,0.000000,0.000000,0.000000,88.940001
1523213380.700000,89.619980,89.619980,0.000000,0.000000,0.000000,0.000000,89.619980
1523213380.750000,89.240003,89.240003,0.000000,0.000000,0.000000,0.000000,89.240003
1523213380.800000,89.300035,89.300035,0.000000,0.000000,0.000000,0.000000,89.300035
1523213380.850000,88.840020,88.840020,0.000000,0.000000,0.000000,0.000000,88.840020
1523213380.900000,89.599997,89.599997,0.000000,0.000000,0.000000,0.000000,89.599997
1523213380.950000,89.539994,89.539994,0.000000,0.000000,0.000000,0.000000,89.539994
1523213381.000000,89.219985,89.219985,0.000000,0.000000,0.000000,0.000000,89.219985
1523213381.050000,89.740019,89.740019,0.000000,0.000000,0.000000,0.000000,89.740019
1523213381.100000,89.420034,89.420034,0.000000,0.000000,0.000000,0.000000,89.420034
1523213381.150000,89.859996,89.859996,0.000000,0.000000,0.000000,0.000000,89.859996
1523213381.200000,89.240011,89.240011,0.000000,0.000000,0.000000,0.000000,89.240011
1523213381.250000,88.900006,88.900006,0.000000,0.000000,0.000000,0.000000,88.900006
1523213381.300000,80.279998,80.279998,0.000000,0.000000,0.000000,0.000000,80.279998
1523213381.350000,86.599986,86.599986,0.000000,0.000000,0.000000,0.000000,86.599986
1523213381.400000,89.740019,89.740019,0.000000,0.000000,0.000000,0.000000,89.740019
1523213381.450000,88.539997,88.539997,0.000000,0.000000,0.000000,0.000000,88.539997
1523213381.500000,84.720016,84.720016,0.000000,0.000000,0.000000,0.000000,84.720016
1523213381.550000,89.699990,89.699990,0.000000,0.000000,0.000000,0.000000,89.699990
1523213381.600000,88.500000,88.500000,0.000000,0.000000,0.000000,0.000000,88.500000
1523213381.650000,88.280002,88.280002,0.000000,0.000000,0.000000,0.000000,88.280002
1523213381.700000,88.599973,88.599973,0.000000,0.000000,0.000000,0.000000,88.599973
1523213381.750000,88.899974,88.899974,0.000000,0.000000,0.000000,0.000000,88.899974
1523213381.800000,86.780005,86.780005,0.000000,0.000000,0.000000,0.000000,86.780005
1523213381.850000,89.780014,89.780014,0.000000,0.000000,0.000000,0.000000,89.780014
1523213381.900000,88.220007,88.220007,0.000000,0.000000,0.000000,0.000000,88.220007
1523213381.950000,89.119983,89.119983,0.000000,0.000000,0.000000,0.000000,89.119983
1523213382.000000,88.600023,88.600023,0.000000,0.000000,0.000000,0.000000,88.600023
1523213382.050000,89.320036,89.320036,0.000000,0.000000,0.000000,0.000000,89.320036
1523213382.100000,88.360021,88.360021,0.000000,0.000000,0.000000,0.000000,88.360021
1523213382.150000,88.720007,88.720007,0.000000,0.000000,0.000000,0.000000,88.720007
1523213382.200000,87.639969,87.639969,0.000000,0.000000,0.000000,0.000000,87.639969
1523213382.250000,88.700012,88.700012,0.000000,0.000000,0.000000,0.000000,88.700012
1523213382.300000,89.140024,89.140024,0.000000,0.000000,0.000000,0.000000,89.140024
1523213382.350000,89.699996,89.699996,0.000000,0.000000,0.000000,0.000000,89.699996
1523213382.400000,88.640008,88.640008,0.000000,0.000000,0.000000,0.000000,88.640008
1523213382.450000,87.519976,87.519976,0.000000,0.000000,0.000000,0.000000,87.519976
1523213382.500000,89.339988,89.339988,0.000000,0.000000,0.000000,0.000000,89.339988
1523213382.550000,87.759993,87.759993,0.000000,0.000000,0.000000,0.000000,87.759993
1523213382.600000,89.440005,89.440005,0.000000,0.000000,0.000000,0.000000,89.440005
1523213382.650000,89.500008,89.500008,0.000000,0.000000,0.000000,0.000000,89.500008
1523213382.700000,89.120010,89.120010,0.000000,0.000000,0.000000,0.000000,89.120010
1523213382.750000,88.920020,88.920020,0.000000,0.000000,0.000000,0.000000,88.920020
1523213382.800000,86.819989,86.819989,0.000000,0.000000,0.000000,0.000000,86.819989
1523213382.850000,87.499988,87.499988,0.000000,0.000000,0.000000,0.000000,87.499988
1523213382.900000,87.900010,87.900010,0.000000,0.000000,0.000000,0.000000,87.900010
1523213382.950000,88.560023,88.560023,0.000000,0.000000,0.000000,0.000000,88.560023
1523213383.000000,88.760008,88.760008,0.000000,0.000000,0.000000,0.000000,88.760008
1523213383.050000,89.760004,89.760004,0.000000,0.000000,0.000000,0.000000,89.760004
1523213383.100000,88.579988,88.579988,0.000000,0.000000,0.000000,0.000000,88.579988
1523213383.150000,89.539993,89.539993,0.000000,0.000000,0.000000,0.000000,89.539993
1523213383.200000,87.540008,87.540008,0.000000,0.000000,0.000000,0.000000,87.540008
1523213383.250000,88.459995,88.459995,0.000000,0.000000,0.000000,0.000000,88.459995
1523213383.300000,89.740011,89.740011,0.000000,0.000000,0.000000,0.000000,89.740011
1523213383.350000,89.520009,89.520009,0.000000,0.000000,0.000000,0.000000,89.520009
1523213383.400000,89.939974,89.939974,0.000000,0.000000,0.000000,0.000000,89.939974
1523213383.450000,89.220013,89.220013,0.000000,0.000000,0.000000,0.000000,89.220013
1523213383.500000,89.860004,89.860004,0.000000,0.000000,0.000000,0.000000,89.860004
1523213383.550000,88.219988,88.219988,0.000000,0.000000,0.000000,0.000000,88.219988
1523213383.600000,89.420000,89.420000,0.000000,0.000000,0.000000,0.000000,89.420000
1523213383.650000,89.379994,89.379994,0.000000,0.000000,0.000000,0.000000,89.379994
1523213383.700000,89.439981,89.439981,0.000000,0.000000,0.000000,0.000000,89.439981
1523213383.750000,86.900037,86.900037,0.000000,0.000000,0.000000,0.000000,86.900037
1523213383.800000,88.859975,88.859975,0.000000,0.000000,0.000000,0.000000,88.859975
1523213383.850000,89.360005,89.360005,0.000000,0.000000,0.000000,0.000000,89.360005
1523213383.900000,88.100000,88.100000,0.000000,0.000000,0.000000,0.000000,88.100000
1523213383.950000,88.599977,88.599977,0.000000,0.000000,0.000000,0.000000,88.599977
1523213384.000000,88.659991,88.659991,0.000000,0.000000,0.000000,0.000000,88.659991
1523213384.050000,89.460024,89.460024,0.000000,0.000000,0.000000,0.000000,89.460024
1523213384.100000,89.319996,89.319996,0.000000,0.000000,0.000000,0.000000,89.319996
1523213384.150000,88.899999,88.899999,0.000000,0.000000,0.000000,0.000000,88.899999
1523213384.200000,88.840025,88.840025,0.000000,0.000000,0.000000,0.000000,88.840025
1523213384.250000,86.220018,86.220018,0.000000,0.000000,0.000000,0.000000,86.220018
1523213384.300000,86.660008,86.660008,0.000000,0.000000,0.000000,0.000000,86.660008
1523213384.350000,85.799952,85.799952,0.000000,0.000000,0.000000,0.000000,85.799952
1523213384.400000,81.180018,81.180018,0.000000,0.000000,0.000000,0.000000,81.180018
1523213384.450000,81.700010,81.700010,0.000000,0.000000,0.000000,0.000000,81.700010
1523213384.500000,88.059981,88.059981,0.000000,0.000000,0.000000,0.000000,88.059981
1523213384.550000,88.400001,88.400001,0.000000,0.000000,0.000000,0.000000,88.400001
1523213384.600000,88.680018,88.680018,0.000000,0.000000,0.000000,0.000000,88.680018
1523213384.650000,87.019980,87.019980,0.000000,0.000000,0.000000,0.000000,87.019980
1523213384.700000,87.899985,87.899985,0.000000,0.000000,0.000000,0.000000,87.899985
1523213384.750000,87.179951,87.179951,0.000000,0.000000,0.000000,0.000000,87.179951
1523213384.800000,88.299994,88.299994,0.000000,0.000000,0.000000,0.000000,88.299994
1523213384.850000,87.819998,87.819998,0.000000,0.000000,0.000000,0.000000,87.819998
1523213384.900000,89.240016,89.240016,0.000000,0.000000,0.000000,0.000000,89.240016
1523213384.950000,89.439987,89.439987,0.000000,0.000000,0.000000,0.000000,89.439987
1523213385.000000,88.859984,88.859984,0.000000,0.000000,0.000000,0.000000,88.859984
1523213385.050000,89.060019,89.060019,0.000000,0.000000,0.000000,0.000000,89.060019
1523213385.100000,88.860002,88.860002,0.000000,0.000000,0.000000,0.000000,88.860002
1523213385.150000,89.499993,89.499993,0.000000,0.000000,0.000000,0.000000,89.499993
1523213385.200000,87.480024,87.480024,0.000000,0.000000,0.000000,0.000000,87.480024
1523213385.250000,88.420031,88.420031,0.000000,0.000000,0.000000,0.000000,88.420031
1523213385.300000,87.779990,87.779990,0.000000,0.000000,0.000000,0.000000,87.779990
1523213385.350000,89.620015,89.620015,0.000000,0.000000,0.000000,0.000000,89.620015
1523213385.400000,87.740001,87.740001,0.000000,0.000000,0.000000,0.000000,87.740001
1523213385.450000,88.019967,88.019967,0.000000,0.000000,0.000000,0.000000,88.019967
1523213385.500000,89.519986,89.519986,0.000000,0.000000,0.000000,0.000000,89.519986
1523213385.550000,88.360022,88.360022,0.000000,0.000000,0.000000,0.000000,88.360022
1523213385.600000,89.240005,89.240005,0.000000,0.000000,0.000000,0.000000,89.240005
1523213385.650000,88.480014,88.480014,0.000000,0.000000,0.000000,0.000000,88.480014
1523213385.700000,88.859999,88.859999,0.000000,0.000000,0.000000,0.000000,88.859999
1523213385.750000,89.259971,89.259971,0.000000,0.000000,0.000000,0.000000,89.259971
1523213385.800000,87.199985,87.199985,0.000000,0.000000,0.000000,0.000000,87.199985
1523213385.850000,88.519996,88.519996,0.000000,0.000000,0.000000,0.000000,88.519996
1523213385.900000,87.760032,87.760032,0.000000,0.000000,0.000000,0.000000,87.760032
1523213385.950000,89.439994,89.439994,0.000000,0.000000,0.000000,0.000000,89.439994
1523213386.000000,89.400009,89.400009,0.000000,0.000000,0.000000,0.000000,89.400009
1523213386.050000,86.979971,86.979971,0.000000,0.000000,0.000000,0.000000,86.979971
1523213386.100000,89.160007,89.160007,0.000000,0.000000,0.000000,0.000000,89.160007
1523213386.150000,88.920029,88.920029,0.000000,0.000000,0.000000,0.000000,88.920029
1523213386.200000,89.500007,89.500007,0.000000,0.000000,0.000000,0.000000,89.500007
1523213386.250000,89.159993,89.159993,0.000000,0.000000,0.000000,0.000000,89.159993
1523213386.300000,88.619993,88.619993,0.000000,0.000000,0.000000,0.000000,88.619993
1523213386.350000,88.320016,88.320016,0.000000,0.000000,0.000000,0.000000,88.320016
1523213386.400000,89.420001,89.420001,0.000000,0.000000,0.000000,0.000000,89.420001
1523213386.450000,89.800013,89.800013,0.000000,0.000000,0.000000,0.000000,89.800013
1523213386.500000,88.219995,88.219995,0.000000,0.000000,0.000000,0.000000,88.219995
1523213386.550000,89.320004,89.320004,0.000000,0.000000,0.000000,0.000000,89.320004
1523213386.600000,89.540033,89.540033,0.000000,0.000000,0.000000,0.000000,89.540033
1523213386.650000,89.380018,89.380018,0.000000,0.000000,0.000000,0.000000,89.380018
1523213386.700000,89.539990,89.539990,0.000000,0.000000,0.000000,0.000000,89.539990
1523213386.750000,89.520008,89.520008,0.000000,0.000000,0.000000,0.000000,89.520008
1523213386.800000,88.280005,88.280005,0.000000,0.000000,0.000000,0.000000,88.280005
1523213386.850000,89.600006,89.600006,0.000000,0.000000,0.000000,0.000000,89.600006
1523213386.900000,89.759996,89.759996,0.000000,0.000000,0.000000,0.000000,89.759996
1523213386.950000,89.179996,89.179996,0.000000,0.000000,0.000000,0.000000,89.179996
1523213387.000000,89.360002,89.360002,0.000000,0.000000,0.000000,0.000000,89.360002
1523213387.050000,88.980013,88.980013,0.000000,0.000000,0.000000,0.000000,88.980013
1523213387.100000,89.019990,89.019990,0.000000,0.000000,0.000000,0.000000,89.019990
1523213387.150000,88.600005,88.600005,0.000000,0.000000,0.000000,0.000000,88.600005
1523213387.200000,87.920003,87.920003,0.000000,0.000000,0.000000,0.000000,87.920003
1523213387.250000,88.700017,88.700017,0.000000,0.000000,0.000000,0.000000,88.700017
1523213387.300000,89.640020,89.640020,0.000000,0.000000,0.000000,0.000000,89.640020
1523213387.350000,84.959964,84.959964,0.000000,0.000000,0.000000,0.000000,84.959964
1523213387.400000,78.579966,78.579966,0.000000,0.000000,0.000000,0.000000,78.579966
1523213387.450000,89.040002,89.040002,0.000000,0.000000,0.000000,0.000000,89.040002
1523213387.500000,87.980034,87.980034,0.000000,0.000000,0.000000,0.000000,87.980034
1523213387.550000,89.520002,89.520002,0.000000,0.000000,0.000000,0.000000,89.520002
1523213387.600000,89.460011,89.460011,0.000000,0.000000,0.000000,0.000000,89.460011
1523213387.650000,87.460026,87.460026,0.000000,0.000000,0.000000,0.000000,87.460026
1523213387.700000,89.420021,89.420021,0.000000,0.000000,0.000000,0.000000,89.420021
1523213387.750000,88.400030,88.400030,0.000000,0.000000,0.000000,0.000000,88.400030
1523213387.800000,88.880001,88.880001,0.000000,0.000000,0.000000,0.000000,88.880001
1523213387.850000,89.319994,89.319994,0.000000,0.000000,0.000000,0.000000,89.319994
1523213387.900000,88.840029,88.840029,0.000000,0.000000,0.000000,0.000000,88.840029
1523213387.950000,88.959998,88.959998,0.000000,0.000000,0.000000,0.000000,88.959998
1523213388.000000,87.700027,87.700027,0.000000,0.000000,0.000000,0.000000,87.700027
1523213388.050000,88.739961,88.739961,0.000000,0.000000,0.000000,0.000000,88.739961
1523213388.100000,88.640007,88.640007,0.000000,0.000000,0.000000,0.000000,88.640007
1523213388.150000,88.180012,88.180012,0.000000,0.000000,0.000000,0.000000,88.180012
1523213388.200000,88.339993,88.339993,0.000000,0.000000,0.000000,0.000000,88.339993
1523213388.250000,86.839976,86.839976,0.000000,0.000000,0.000000,0.000000,86.839976
1523213388.300000,89.439963,89.439963,0.000000,0.000000,0.000000,0.000000,89.439963
1523213388.350000,88.340011,88.340011,0.000000,0.000000,0.000000,0.000000,88.340011
1523213388.400000,89.140006,89.140006,0.000000,0.000000,0.000000,0.000000,89.140006
1523213388.450000,89.359975,89.359975,0.000000,0.000000,0.000000,0.000000,89.359975
1523213388.500000,89.600027,89.600027,0.000000,0.000000,0.000000,0.000000,89.600027
1523213388.550000,87.860013,87.860013,0.000000,0.000000,0.000000,0.000000,87.860013
1523213388.600000,89.560029,89.560029,0.000000,0.000000,0.000000,0.000000,89.560029
1523213388.650000,84.879981,84.879981,0.000000,0.000000,0.000000,0.000000,84.879981
1523213388.700000,89.120000,89.120000,0.000000,0.000000,0.000000,0.000000,89.120000
1523213388.750000,89.039977,89.039977,0.000000,0.000000,0.000000,0.000000,89.039977
1523213388.800000,88.880025,88.880025,0.000000,0.000000,0.000000,0.000000,88.880025
1523213388.850000,88.720010,88.720010,0.000000,0.000000,0.000000,0.000000,88.720010
1523213388.900000,88.220012,88.220012,0.000000,0.000000,0.000000,0.000000,88.220012
1523213388.950000,88.579972,88.579972,0.000000,0.000000,0.000000,0.000000,88.579972
1523213389.000000,89.179993,89.179993,0.000000,0.000000,0.000000,0.000000,89.179993
1523213389.050000,89.140034,89.140034,0.000000,0.000000,0.000000,0.000000,89.140034
1523213389.100000,88.979986,88.979986,0.000000,0.000000,0.000000,0.000000,88.979986
1523213389.150000,87.719997,87.719997,0.000000,0.000000,0.000000,0.000000,87.719997
1523213389.200000,89.339979,89.339979,0.000000,0.000000,0.000000,0.000000,89.339979
1523213389.250000,89.060010,89.060010,0.000000,0.000000,0.000000,0.000000,89.060010
1523213389.300000,89.139978,89.139978,0.000000,0.000000,0.000000,0.000000,89.139978
1523213389.350000,88.000022,88.000022,0.000000,0.000000,0.000000,0.000000,88.000022
1523213389.400000,88.820023,88.820023,0.000000,0.000000,0.000000,0.000000,88.820023
1523213389.450000,84.900005,84.900005,0.000000,0.000000,0.000000,0.000000,84.900005
1523213389.500000,80.919996,80.919996,0.000000,0.000000,0.000000,0.000000,80.919996
1523213389.550000,88.880000,88.880000,0.000000,0.000000,0.000000,0.000000,88.880000
1523213389.600000,89.759986,89.759986,0.000000,0.000000,0.000000,0.000000,89.759986
1523213389.650000,88.080026,88.080026,0.000000,0.000000,0.000000,0.000000,88.080026
1523213389.700000,85.540034,85.540034,0.000000,0.000000,0.000000,0.000000,85.540034
1523213389.750000,88.540005,88.540005,0.000000,0.000000,0.000000,0.000000,88.540005
1523213389.800000,87.020003,87.020003,0.000000,0.000000,0.000000,0.000000,87.020003
1523213389.850000,83.140018,83.140018,0.000000,0.000000,0.000000,0.000000,83.140018
1523213389.900000,89.240007,89.240007,0.000000,0.000000,0.000000,0.000000,89.240007
1523213389.950000,88.240026,88.240026,0.000000,0.000000,0.000000,0.000000,88.240026
1523213390.000000,89.360007,89.360007,0.000000,0.000000,0.000000,0.000000,89.360007
1523213390.050000,89.240021,89.240021,0.000000,0.000000,0.000000,0.000000,89.240021
1523213390.100000,89.239989,89.239989,0.000000,0.000000,0.000000,0.000000,89.239989
1523213390.150000,89.399987,89.399987,0.000000,0.000000,0.000000,0.000000,89.399987
1523213390.200000,87.879986,87.879986,0.000000,0.000000,0.000000,0.000000,87.879986
1523213390.250000,88.720016,88.720016,0.000000,0.000000,0.000000,0.000000,88.720016
1523213390.300000,89.120022,89.120022,0.000000,0.000000,0.000000,0.000000,89.120022
1523213390.350000,87.299959,87.299959,0.000000,0.000000,0.000000,0.000000,87.299959
1523213390.400000,89.080017,89.080017,0.000000,0.000000,0.000000,0.000000,89.080017
1523213390.450000,88.080007,88.080007,0.000000,0.000000,0.000000,0.000000,88.080007
1523213390.500000,89.199983,89.199983,0.000000,0.000000,0.000000,0.000000,89.199983
1523213390.550000,88.600016,88.600016,0.000000,0.000000,0.000000,0.000000,88.600016
1523213390.600000,88.299997,88.299997,0.000000,0.000000,0.000000,0.000000,88.299997
1523213390.650000,89.600012,89.600012,0.000000,0.000000,0.000000,0.000000,89.600012
1523213390.700000,88.619994,88.619994,0.000000,0.000000,0.000000,0.000000,88.619994
1523213390.750000,89.279976,89.279976,0.000000,0.000000,0.000000,0.000000,89.279976
1523213390.800000,89.560008,89.560008,0.000000,0.000000,0.000000,0.000000,89.560008
1523213390.850000,85.460037,85.460037,0.000000,0.000000,0.000000,0.000000,85.460037
1523213390.900000,89.040021,89.040021,0.000000,0.000000,0.000000,0.000000,89.040021
1523213390.950000,89.040016,89.040016,0.000000,0.000000,0.000000,0.000000,89.040016
1523213391.000000,89.240004,89.240004,0.000000,0.000000,0.000000,0.000000,89.240004
1523213391.050000,88.960023,88.960023,0.000000,0.000000,0.000000,0.000000,88.960023
1523213391.100000,88.119999,88.119999,0.000000,0.000000,0.000000,0.000000,88.119999
1523213391.150000,88.699982,88.699982,0.000000,0.000000,0.000000,0.000000,88.699982
1523213391.200000,88.360025,88.360025,0.000000,0.000000,0.000000,0.000000,88.360025
1523213391.250000,88.200016,88.200016,0.000000,0.000000,0.000000,0.000000,88.200016
1523213391.300000,88.960017,88.960017,0.000000,0.000000,0.000000,0.000000,88.960017
1523213391.350000,89.679972,89.679972,0.000000,0.000000,0.000000,0.000000,89.679972
1523213391.400000,89.160011,89.160011,0.000000,0.000000,0.000000,0.000000,89.160011
1523213391.450000,87.220023,87.220023,0.000000,0.000000,0.000000,0.000000,87.220023
1523213391.500000,88.659993,88.659993,0.000000,0.000000,0.000000,0.000000,88.659993
1523213391.550000,88.440003,88.440003,0.000000,0.000000,0.000000,0.000000,88.440003
1523213391.600000,88.819983,88.819983,0.000000,0.000000,0.000000,0.000000,88.819983
1523213391.650000,89.039995,89.039995,0.000000,0.000000,0.000000,0.000000,89.039995
1523213391.700000,89.479995,89.479995,0.000000,0.000000,0.000000,0.000000,89.479995
1523213391.750000,89.399989,89.399989,0.000000,0.000000,0.000000,0.000000,89.399989
1523213391.800000,88.580006,88.580006,0.000000,0.000000,0.000000,0.000000,88.580006
1523213391.850000,89.239976,89.239976,0.000000,0.000000,0.000000,0.000000,89.239976
1523213391.900000,89.799984,89.799984,0.000000,0.000000,0.000000,0.000000,89.799984
1523213391.950000,89.479969,89.479969,0.000000,0.000000,0.000000,0.000000,89.479969
1523213392.000000,89.460004,89.460004,0.000000,0.000000,0.000000,0.000000,89.460004
1523213392.050000,88.739983,88.739983,0.000000,0.000000,0.000000,0.000000,88.739983
1523213392.100000,85.160035,85.160035,0.000000,0.000000,0.000000,0.000000,85.160035
1523213392.150000,89.320006,89.320006,0.000000,0.000000,0.000000,0.000000,89.320006
1523213392.200000,89.000009,89.000009,0.000000,0.000000,0.000000,0.000000,89.000009
1523213392.250000,88.319995,88.319995,0.000000,0.000000,0.000000,0.000000,88.319995
1523213392.300000,89.620010,89.620010,0.000000,0.000000,0.000000,0.000000,89.620010
1523213392.350000,86.900054,86.900054,0.000000,0.000000,0.000000,0.000000,86.900054
1523213392.400000,88.599986,88.599986,0.000000,0.000000,0.000000,0.000000,88.599986
1523213392.450000,88.779977,88.779977,0.000000,0.000000,0.000000,0.000000,88.779977
1523213392.500000,88.499994,88.499994,0.000000,0.000000,0.000000,0.000000,88.499994
1523213392.550000,88.639997,88.639997,0.000000,0.000000,0.000000,0.000000,88.639997
1523213392.600000,88.619997,88.619997,0.000000,0.000000,0.000000,0.000000,88.619997
1523213392.650000,88.539987,88.539987,0.000000,0.000000,0.000000,0.000000,88.539987
1523213392.700000,88.659987,88.659987,0.000000,0.000000,0.000000,0.000000,88.659987
1523213392.750000,89.499969,89.499969,0.000000,0.000000,0.000000,0.000000,89.499969
1523213392.800000,89.039975,89.039975,0.000000,0.000000,0.000000,0.000000,89.039975
1523213392.850000,89.799975,89.799975,0.000000,0.000000,0.000000,0.000000,89.799975
1523213392.900000,89.580009,89.580009,0.000000,0.000000,0.000000,0.000000,89.580009
1523213392.950000,87.039994,87.039994,0.000000,0.000000,0.000000,0.000000,87.039994
1523213393.000000,88.340001,88.340001,0.000000,0.000000,0.000000,0.000000,88.340001
1523213393.050000,88.519998,88.519998,0.000000,0.000000,0.000000,0.000000,88.519998
1523213393.100000,89.359970,89.359970,0.000000,0.000000,0.000000,0.000000,89.359970
1523213393.150000,89.020013,89.020013,0.000000,0.000000,0.000000,0.000000,89.020013
1523213393.200000,89.780013,89.780013,0.000000,0.000000,0.000000,0.000000,89.780013
1523213393.250000,87.820028,87.820028,0.000000,0.000000,0.000000,0.000000,87.820028
1523213393.300000,88.780005,88.780005,0.000000,0.000000,0.000000,0.000000,88.780005
1523213393.350000,89.439992,89.439992,0.000000,0.000000,0.000000,0.000000,89.439992
1523213393.400000,87.960010,87.960010,0.000000,0.000000,0.000000,0.000000,87.960010
1523213393.450000,89.339959,89.339959,0.000000,0.000000,0.000000,0.000000,89.339959
1523213393.500000,89.379981,89.379981,0.000000,0.000000,0.000000,0.000000,89.379981
1523213393.550000,89.759967,89.759967,0.000000,0.000000,0.000000,0.000000,89.759967
1523213393.600000,89.399991,89.399991,0.000000,0.000000,0.000000,0.000000,89.399991
1523213393.650000,89.260029,89.260029,0.000000,0.000000,0.000000,0.000000,89.260029
1523213393.700000,89.639986,89.639986,0.000000,0.000000,0.000000,0.000000,89.639986
1523213393.750000,88.539997,88.539997,0.000000,0.000000,0.000000,0.000000,88.539997
1523213393.800000,88.860022,88.860022,0.000000,0.000000,0.000000,0.000000,88.860022
1523213393.850000,88.839952,88.839952,0.000000,0.000000,0.000000,0.000000,88.839952
1523213393.900000,88.639998,88.639998,0.000000,0.000000,0.000000,0.000000,88.639998
1523213393.950000,89.019983,89.019983,0.000000,0.000000,0.000000,0.000000,89.019983
1523213394.000000,89.740003,89.740003,0.000000,0.000000,0.000000,0.000000,89.740003
1523213394.050000,88.580002,88.580002,0.000000,0.000000,0.000000,0.000000,88.580002
1523213394.100000,89.799973,89.799973,0.000000,0.000000,0.000000,0.000000,89.799973
1523213394.150000,89.679996,89.679996,0.000000,0.000000,0.000000,0.000000,89.679996
1523213394.200000,87.899984,87.899984,0.000000,0.000000,0.000000,0.000000,87.899984
1523213394.250000,88.919975,88.919975,0.000000,0.000000,0.000000,0.000000,88.919975
1523213394.300000,88.440007,88.440007,0.000000,0.000000,0.000000,0.000000,88.440007
1523213394.350000,89.379983,89.379983,0.000000,0.000000,0.000000,0.000000,89.379983
1523213394.400000,89.400007,89.400007,0.000000,0.000000,0.000000,0.000000,89.400007
1523213394.450000,89.740002,89.740002,0.000000,0.000000,0.000000,0.000000,89.740002
1523213394.500000,89.660003,89.660003,0.000000,0.000000,0.000000,0.000000,89.660003
1523213394.550000,85.480014,85.480014,0.000000,0.000000,0.000000,0.000000,85.480014
1523213394.600000,87.680021,87.680021,0.000000,0.000000,0.000000,0.000000,87.680021
1523213394.650000,89.180018,89.180018,0.000000,0.000000,0.000000,0.000000,89.180018
1523213394.700000,89.420012,89.420012,0.000000,0.000000,0.000000,0.000000,89.420012
1523213394.750000,87.679974,87.679974,0.000000,0.000000,0.000000,0.000000,87.679974
1523213394.800000,89.279987,89.279987,0.000000,0.000000,0.000000,0.000000,89.279987
1523213394.850000,89.140013,89.140013,0.000000,0.000000,0.000000,0.000000,89.140013
1523213394.900000,89.459983,89.459983,0.000000,0.000000,0.000000,0.000000,89.459983
1523213394.950000,87.659999,87.659999,0.000000,0.000000,0.000000,0.000000,87.659999
1523213395.000000,86.679980,86.679980,0.000000,0.000000,0.000000,0.000000,86.679980
1523213395.050000,88.400004,88.400004,0.000000,0.000000,0.000000,0.000000,88.400004
1523213395.100000,88.540005,88.540005,0.000000,0.000000,0.000000,0.000000,88.540005
1523213395.150000,89.520013,89.520013,0.000000,0.000000,0.000000,0.000000,89.520013
1523213395.200000,88.220002,88.220002,0.000000,0.000000,0.000000,0.000000,88.220002
1523213395.250000,89.080032,89.080032,0.000000,0.000000,0.000000,0.000000,89.080032
1523213395.300000,88.960013,88.960013,0.000000,0.000000,0.000000,0.000000,88.960013
1523213395.350000,89.000023,89.000023,0.000000,0.000000,0.000000,0.000000,89.000023
1523213395.400000,88.900017,88.900017,0.000000,0.000000,0.000000,0.000000,88.900017
1523213395.450000,89.819997,89.819997,0.000000,0.000000,0.000000,0.000000,89.819997
1523213395.500000,89.140030,89.140030,0.000000,0.000000,0.000000,0.000000,89.140030
1523213395.550000,89.219995,89.219995,0.000000,0.000000,0.000000,0.000000,89.219995
1523213395.600000,88.759999,88.759999,0.000000,0.000000,0.000000,0.000000,88.759999
1523213395.650000,89.480001,89.480001,0.000000,0.000000,0.000000,0.000000,89.480001
1523213395.700000,89.560008,89.560008,0.000000,0.000000,0.000000,0.000000,89.560008
1523213395.750000,86.539987,86.539987,0.000000,0.000000,0.000000,0.000000,86.539987
1523213395.800000,89.479983,89.479983,0.000000,0.000000,0.000000,0.000000,89.479983
1523213395.850000,87.720003,87.720003,0.000000,0.000000,0.000000,0.000000,87.720003
1523213395.900000,85.340023,85.340023,0.000000,0.000000,0.000000,0.000000,85.340023
1523213395.950000,89.099983,89.099983,0.000000,0.000000,0.000000,0.000000,89.099983
1523213396.000000,87.139941,87.139941,0.000000,0.000000,0.000000,0.000000,87.139941
1523213396.050000,89.900012,89.900012,0.000000,0.000000,0.000000,0.000000,89.900012
1523213396.100000,89.220020,89.220020,0.000000,0.000000,0.000000,0.000000,89.220020
1523213396.150000,89.659986,89.659986,0.000000,0.000000,0.000000,0.000000,89.659986
1523213396.200000,88.319975,88.319975,0.000000,0.000000,0.000000,0.000000,88.319975
1523213396.250000,87.939977,87.939977,0.000000,0.000000,0.000000,0.000000,87.939977
1523213396.300000,88.480034,88.480034,0.000000,0.000000,0.000000,0.000000,88.480034
1523213396.350000,89.660002,89.660002,0.000000,0.000000,0.000000,0.000000,89.660002
1523213396.400000,88.880027,88.880027,0.000000,0.000000,0.000000,0.000000,88.880027
1523213396.450000,89.619998,89.619998,0.000000,0.000000,0.000000,0.000000,89.619998
1523213396.500000,89.179994,89.179994,0.000000,0.000000,0.000000,0.000000,89.179994
1523213396.550000,88.480001,88.480001,0.000000,0.000000,0.000000,0.000000,88.480001
1523213396.600000,89.079983,89.079983,0.000000,0.000000,0.000000,0.000000,89.079983
1523213396.650000,89.380039,89.380039,0.000000,0.000000,0.000000,0.000000,89.380039
1523213396.700000,87.259964,87.259964,0.000000,0.000000,0.000000,0.000000,87.259964
1523213396.750000,87.379986,87.379986,0.000000,0.000000,0.000000,0.000000,87.379986
1523213396.800000,89.400009,89.400009,0.000000,0.000000,0.000000,0.000000,89.400009
1523213396.850000,89.200002,89.200002,0.000000,0.000000,0.000000,0.000000,89.200002
1523213396.900000,88.540005,88.540005,0.000000,0.000000,0.000000,0.000000,88.540005
1523213396.950000,89.320009,89.320009,0.000000,0.000000,0.000000,0.000000,89.320009
1523213397.000000,88.440013,88.440013,0.000000,0.000000,0.000000,0.000000,88.440013
1523213397.050000,89.400017,89.400017,0.000000,0.000000,0.000000,0.000000,89.400017
1523213397.100000,88.660012,88.660012,0.000000,0.000000,0.000000,0.000000,88.660012
1523213397.150000,89.439981,89.439981,0.000000,0.000000,0.000000,0.000000,89.439981
1523213397.200000,88.959991,88.959991,0.000000,0.000000,0.000000,0.000000,88.959991
1523213397.250000,89.160030,89.160030,0.000000,0.000000,0.000000,0.000000,89.160030
1523213397.300000,89.180020,89.180020,0.000000,0.000000,0.000000,0.000000,89.180020
1523213397.350000,89.839998,89.839998,0.000000,0.000000,0.000000,0.000000,89.839998
1523213397.400000,89.500021,89.500021,0.000000,0.000000,0.000000,0.000000,89.500021
1523213397.450000,89.659998,89.659998,0.000000,0.000000,0.000000,0.000000,89.659998
1523213397.500000,89.520012,89.520012,0.000000,0.000000,0.000000,0.000000,89.520012
1523213397.550000,89.499985,89.499985,0.000000,0.000000,0.000000,0.000000,89.499985
1523213397.600000,89.179977,89.179977,0.000000,0.000000,0.000000,0.000000,89.179977
1523213397.650000,89.699994,89.699994,0.000000,0.000000,0.000000,0.000000,89.699994
1523213397.700000,89.440009,89.440009,0.000000,0.000000,0.000000,0.000000,89.440009
1523213397.750000,88.459955,88.459955,0.000000,0.000000,0.000000,0.000000,88.459955
1523213397.800000,89.540023,89.540023,0.000000,0.000000,0.000000,0.000000,89.540023
1523213397.850000,86.839991,86.839991,0.000000,0.000000,0.000000,0.000000,86.839991
1523213397.900000,89.079987,89.079987,0.000000,0.000000,0.000000,0.000000,89.079987
1523213397.950000,89.099982,89.099982,0.000000,0.000000,0.000000,0.000000,89.099982
1523213398.000000,89.380013,89.380013,0.000000,0.000000,0.000000,0.000000,89.380013
1523213398.050000,88.760009,88.760009,0.000000,0.000000,0.000000,0.000000,88.760009
1523213398.100000,89.120009,89.120009,0.000000,0.000000,0.000000,0.000000,89.120009
1523213398.150000,89.160022,89.160022,0.000000,0.000000,0.000000,0.000000,89.160022
1523213398.200000,87.919985,87.919985,0.000000,0.000000,0.000000,0.000000,87.919985
1523213398.250000,88.739987,88.739987,0.000000,0.000000,0.000000,0.000000,88.739987
1523213398.300000,88.020046,88.020046,0.000000,0.000000,0.000000,0.000000,88.020046
1523213398.350000,85.380005,85.380005,0.000000,0.000000,0.000000,0.000000,85.380005
1523213398.400000,88.700004,88.700004,0.000000,0.000000,0.000000,0.000000,88.700004
1523213398.450000,88.879998,88.879998,0.000000,0.000000,0.000000,0.000000,88.879998
1523213398.500000,89.600009,89.600009,0.000000,0.000000,0.000000,0.000000,89.600009
1523213398.550000,87.540022,87.540022,0.000000,0.000000,0.000000,0.000000,87.540022
1523213398.600000,86.580010,86.580010,0.000000,0.000000,0.000000,0.000000,86.580010
1523213398.650000,89.599995,89.599995,0.000000,0.000000,0.000000,0.000000,89.599995
1523213398.700000,88.959999,88.959999,0.000000,0.000000,0.000000,0.000000,88.959999
1523213398.750000,88.099987,88.099987,0.000000,0.000000,0.000000,0.000000,88.099987
1523213398.800000,89.440009,89.440009,0.000000,0.000000,0.000000,0.000000,89.440009
1523213398.850000,89.620023,89.620023,0.000000,0.000000,0.000000,0.000000,89.620023
1523213398.900000,88.859977,88.859977,0.000000,0.000000,0.000000,0.000000,88.859977
1523213398.950000,89.639985,89.639985,0.000000,0.000000,0.000000,0.000000,89.639985
1523213399.000000,89.060026,89.060026,0.000000,0.000000,0.000000,0.000000,89.060026
1523213399.050000,89.699971,89.699971,0.000000,0.000000,0.000000,0.000000,89.699971
1523213399.100000,88.899993,88.899993,0.000000,0.000000,0.000000,0.000000,88.899993
1523213399.150000,84.540029,84.540029,0.000000,0.000000,0.000000,0.000000,84.540029
1523213399.200000,86.860015,86.860015,0.000000,0.000000,0.000000,0.000000,86.860015
1523213399.250000,88.779979,88.779979,0.000000,0.000000,0.000000,0.000000,88.779979
1523213399.300000,87.720021,87.720021,0.000000,0.000000,0.000000,0.000000,87.720021
1523213399.350000,88.120036,88.120036,0.000000,0.000000,0.000000,0.000000,88.120036
1523213399.400000,88.000052,88.000052,0.000000,0.000000,0.000000,0.000000,88.000052
1523213399.450000,88.979972,88.979972,0.000000,0.000000,0.000000,0.000000,88.979972
1523213399.500000,89.760015,89.760015,0.000000,0.000000,0.000000,0.000000,89.760015
1523213399.550000,88.639990,88.639990,0.000000,0.000000,0.000000,0.000000,88.639990
1523213399.600000,89.779978,89.779978,0.000000,0.000000,0.000000,0.000000,89.779978
1523213399.650000,88.840006,88.840006,0.000000,0.000000,0.000000,0.000000,88.840006
1523213399.700000,89.599991,89.599991,0.000000,0.000000,0.000000,0.000000,89.599991
1523213399.750000,87.900007,87.900007,0.000000,0.000000,0.000000,0.000000,87.900007
1523213399.800000,89.359990,89.359990,0.000000,0.000000,0.000000,0.000000,89.359990
1523213399.850000,88.679977,88.679977,0.000000,0.000000,0.000000,0.000000,88.679977
1523213399.900000,89.000006,89.000006,0.000000,0.000000,0.000000,0.000000,89.000006
1523213399.950000,88.059989,88.059989,0.000000,0.000000,0.000000,0.000000,88.059989
1523213400.000000,86.820032,86.820032,0.000000,0.000000,0.000000,0.000000,86.820032
1523213400.050000,78.219972,78.219972,0.000000,0.000000,0.000000,0.000000,78.219972
1523213400.100000,70.659948,70.659948,0.000000,0.000000,0.000000,0.000000,70.659948
1523213400.150000,68.859995,68.859995,0.000000,0.000000,0.000000,0.000000,68.859995
1523213400.200000,56.160008,56.160008,0.000000,0.000000,0.000000,0.000000,56.160008
1523213400.250000,55.240025,55.240025,0.000000,0.000000,0.000000,0.000000,55.240025
1523213400.300000,66.019986,66.019986,0.000000,0.000000,0.000000,0.000000,66.019986
1523213400.350000,89.339994,89.339994,0.000000,0.000000,0.000000,0.000000,89.339994
1523213400.400000,88.959981,88.959981,0.000000,0.000000,0.000000,0.000000,88.959981
1523213400.450000,88.660027,88.660027,0.000000,0.000000,0.000000,0.000000,88.660027
1523213400.500000,88.159973,88.159973,0.000000,0.000000,0.000000,0.000000,88.159973
1523213400.550000,87.440006,87.440006,0.000000,0.000000,0.000000,0.000000,87.440006
1523213400.600000,82.019999,82.019999,0.000000,0.000000,0.000000,0.000000,82.019999
1523213400.650000,89.200021,89.200021,0.000000,0.000000,0.000000,0.000000,89.200021
1523213400.700000,89.180021,89.180021,0.000000,0.000000,0.000000,0.000000,89.180021
1523213400.750000,88.800006,88.800006,0.000000,0.000000,0.000000,0.000000,88.800006
1523213400.800000,89.400010,89.400010,0.000000,0.000000,0.000000,0.000000,89.400010
1523213400.850000,89.679973,89.679973,0.000000,0.000000,0.000000,0.000000,89.679973
1523213400.900000,88.940000,88.940000,0.000000,0.000000,0.000000,0.000000,88.940000
1523213400.950000,89.980003,89.980003,0.000000,0.000000,0.000000,0.000000,89.980003
1523213401.000000,89.519996,89.519996,0.000000,0.000000,0.000000,0.000000,89.519996
1523213401.050000,88.079969,88.079969,0.000000,0.000000,0.000000,0.000000,88.079969
1523213401.100000,88.879977,88.879977,0.000000,0.000000,0.000000,0.000000,88.879977
1523213401.150000,89.700001,89.700001,0.000000,0.000000,0.000000,0.000000,89.700001
1523213401.200000,89.499981,89.499981,0.000000,0.000000,0.000000,0.000000,89.499981
1523213401.250000,89.820008,89.820008,0.000000,0.000000,0.000000,0.000000,89.820008
1523213401.300000,88.320024,88.320024,0.000000,0.000000,0.000000,0.000000,88.320024
1523213401.350000,89.840014,89.840014,0.000000,0.000000,0.000000,0.000000,89.840014
1523213401.400000,88.220016,88.220016,0.000000,0.000000,0.000000,0.000000,88.220016
1523213401.450000,89.400011,89.400011,0.000000,0.000000,0.000000,0.000000,89.400011
1523213401.500000,86.920022,86.920022,0.000000,0.000000,0.000000,0.000000,86.920022
1523213401.550000,88.860027,88.860027,0.000000,0.000000,0.000000,0.000000,88.860027
1523213401.600000,89.799989,89.799989,0.000000,0.000000,0.000000,0.000000,89.799989
1523213401.650000,89.300016,89.300016,0.000000,0.000000,0.000000,0.000000,89.300016
1523213401.700000,89.300006,89.300006,0.000000,0.000000,0.000000,0.000000,89.300006
1523213401.750000,88.860004,88.860004,0.000000,0.000000,0.000000,0.000000,88.860004
1523213401.800000,89.059975,89.059975,0.000000,0.000000,0.000000,0.000000,89.059975
1523213401.850000,89.759984,89.759984,0.000000,0.000000,0.000000,0.000000,89.759984
1523213401.900000,89.320021,89.320021,0.000000,0.000000,0.000000,0.000000,89.320021
1523213401.950000,89.339985,89.339985,0.000000,0.000000,0.000000,0.000000,89.339985
1523213402.000000,88.880007,88.880007,0.000000,0.000000,0.000000,0.000000,88.880007
1523213402.050000,89.180010,89.180010,0.000000,0.000000,0.000000,0.000000,89.180010
1523213402.100000,89.720024,89.720024,0.000000,0.000000,0.000000,0.000000,89.720024
1523213402.150000,89.580007,89.580007,0.000000,0.000000,0.000000,0.000000,89.580007
1523213402.200000,89.040001,89.040001,0.000000,0.000000,0.000000,0.000000,89.040001
1523213402.250000,88.659954,88.659954,0.000000,0.000000,0.000000,0.000000,88.659954
1523213402.300000,89.160021,89.160021,0.000000,0.000000,0.000000,0.000000,89.160021
1523213402.350000,89.960015,89.960015,0.000000,0.000000,0.000000,0.000000,89.960015
1523213402.400000,88.220043,88.220043,0.000000,0.000000,0.000000,0.000000,88.220043
1523213402.450000,88.319985,88.319985,0.000000,0.000000,0.000000,0.000000,88.319985
1523213402.500000,88.980014,88.980014,0.000000,0.000000,0.000000,0.000000,88.980014
1523213402.550000,89.640020,89.640020,0.000000,0.000000,0.000000,0.000000,89.640020
1523213402.600000,89.659964,89.659964,0.000000,0.000000,0.000000,0.000000,89.659964
1523213402.650000,89.600008,89.600008,0.000000,0.000000,0.000000,0.000000,89.600008
1523213402.700000,88.079993,88.079993,0.000000,0.000000,0.000000,0.000000,88.079993
1523213402.750000,89.719996,89.719996,0.000000,0.000000,0.000000,0.000000,89.719996
1523213402.800000,88.960006,88.960006,0.000000,0.000000,0.000000,0.000000,88.960006
1523213402.850000,89.740004,89.740004,0.000000,0.000000,0.000000,0.000000,89.740004
1523213402.900000,88.000025,88.000025,0.000000,0.000000,0.000000,0.000000,88.000025
1523213402.950000,85.819942,85.819942,0.000000,0.000000,0.000000,0.000000,85.819942
1523213403.000000,87.440049,87.440049,0.000000,0.000000,0.000000,0.000000,87.440049
1523213403.050000,88.720013,88.720013,0.000000,0.000000,0.000000,0.000000,88.720013
1523213403.100000,89.499978,89.499978,0.000000,0.000000,0.000000,0.000000,89.499978
1523213403.150000,89.380018,89.380018,0.000000,0.000000,0.000000,0.000000,89.380018
1523213403.200000,89.380032,89.380032,0.000000,0.000000,0.000000,0.000000,89.380032
1523213403.250000,89.420027,89.420027,0.000000,0.000000,0.000000,0.000000,89.420027
1523213403.300000,89.540009,89.540009,0.000000,0.000000,0.000000,0.000000,89.540009
1523213403.350000,88.499980,88.499980,0.000000,0.000000,0.000000,0.000000,88.499980
1523213403.400000,89.519996,89.519996,0.000000,0.000000,0.000000,0.000000,89.519996
1523213403.450000,89.139971,89.139971,0.000000,0.000000,0.000000,0.000000,89.139971
1523213403.500000,88.640009,88.640009,0.000000,0.000000,0.000000,0.000000,88.640009
1523213403.550000,88.059992,88.059992,0.000000,0.000000,0.000000,0.000000,88.059992
1523213403.600000,87.499992,87.499992,0.000000,0.000000,0.000000,0.000000,87.499992
1523213403.650000,89.920016,89.920016,0.000000,0.000000,0.000000,0.000000,89.920016
1523213403.700000,89.400009,89.400009,0.000000,0.000000,0.000000,0.000000,89.400009
1523213403.750000,88.519969,88.519969,0.000000,0.000000,0.000000,0.000000,88.519969
1523213403.800000,88.719975,88.719975,0.000000,0.000000,0.000000,0.000000,88.719975
1523213403.850000,87.640008,87.640008,0.000000,0.000000,0.000000,0.000000,87.640008
1523213403.900000,88.439949,88.439949,0.000000,0.000000,0.000000,0.000000,88.439949
1523213403.950000,88.660007,88.660007,0.000000,0.000000,0.000000,0.000000,88.660007
1523213404.000000,88.959998,88.959998,0.000000,0.000000,0.000000,0.000000,88.959998
1523213404.050000,87.900002,87.900002,0.000000,0.000000,0.000000,0.000000,87.900002
1523213404.100000,86.700021,86.700021,0.000000,0.000000,0.000000,0.000000,86.700021
1523213404.150000,87.100020,87.100020,0.000000,0.000000,0.000000,0.000000,87.100020
1523213404.200000,87.999995,87.999995,0.000000,0.000000,0.000000,0.000000,87.999995
1523213404.250000,88.620003,88.620003,0.000000,0.000000,0.000000,0.000000,88.620003
1523213404.300000,86.379960,86.379960,0.000000,0.000000,0.000000,0.000000,86.379960
1523213404.350000,88.279999,88.279999,0.000000,0.000000,0.000000,0.000000,88.279999
1523213404.400000,89.439971,89.439971,0.000000,0.000000,0.000000,0.000000,89.439971
1523213404.450000,88.820003,88.820003,0.000000,0.000000,0.000000,0.000000,88.820003
1523213404.500000,89.500012,89.500012,0.000000,0.000000,0.000000,0.000000,89.500012
1523213404.550000,89.820005,89.820005,0.000000,0.000000,0.000000,0.000000,89.820005
1523213404.600000,89.459970,89.459970,0.000000,0.000000,0.000000,0.000000,89.459970
1523213404.650000,89.600010,89.600010,0.000000,0.000000,0.000000,0.000000,89.600010
1523213404.700000,89.480046,89.480046,0.000000,0.000000,0.000000,0.000000,89.480046
1523213404.750000,88.720009,88.720009,0.000000,0.000000,0.000000,0.000000,88.720009
1523213404.800000,88.279995,88.279995,0.000000,0.000000,0.000000,0.000000,88.279995
1523213404.850000,81.899988,81.899988,0.000000,0.000000,0.000000,0.000000,81.899988
1523213404.900000,8.179993,8.179993,0.000000,0.000000,0.000000,0.000000,8.179993
1523213404.950000,0.619993,0.619993,0.000000,0.000000,0.000000,0.000000,0.619993
1523213405.000000,0.000000,0.000000,0.000000,0.000000,0.000000,0.000000,0.000000
1523213405.050000,0.000000,0.000000,0.000000,0.000000,0.000000,0.000000,0.000000
1523213405.100000,19.519979,19.519979,0.000000,0.000000,0.000000,0.000000,19.519979
1523213405.150000,88.599965,88.599965,0.000000,0.000000,0.000000,0.000000,88.599965
1523213405.200000,88.599994,88.599994,0.000000,0.000000,0.000000,0.000000,88.599994
1523213405.250000,88.400006,88.400006,0.000000,0.000000,0.000000,0.000000,88.400006
1523213405.300000,89.019979,89.019979,0.000000,0.000000,0.000000,0.000000,89.019979
1523213405.350000,86.780002,86.780002,0.000000,0.000000,0.000000,0.000000,86.780002
1523213405.400000,87.160034,87.160034,0.000000,0.000000,0.000000,0.000000,87.160034
1523213405.450000,87.259991,87.259991,0.000000,0.000000,0.000000,0.000000,87.259991
1523213405.500000,89.339987,89.339987,0.000000,0.000000,0.000000,0.000000,89.339987
1523213405.550000,89.039970,89.039970,0.000000,0.000000,0.000000,0.000000,89.039970
1523213405.600000,89.040020,89.040020,0.000000,0.000000,0.000000,0.000000,89.040020
1523213405.650000,89.099994,89.099994,0.000000,0.000000,0.000000,0.000000,89.099994
1523213405.700000,89.060043,89.060043,0.000000,0.000000,0.000000,0.000000,89.060043
1523213405.750000,88.560016,88.560016,0.000000,0.000000,0.000000,0.000000,88.560016
1523213405.800000,87.119983,87.119983,0.000000,0.000000,0.000000,0.000000,87.119983
1523213405.850000,89.619997,89.619997,0.000000,0.000000,0.000000,0.000000,89.619997
1523213405.900000,89.520006,89.520006,0.000000,0.000000,0.000000,0.000000,89.520006
1523213405.950000,85.459978,85.459978,0.000000,0.000000,0.000000,0.000000,85.459978
1523213406.000000,87.080046,87.080046,0.000000,0.000000,0.000000,0.000000,87.080046
1523213406.050000,89.319997,89.319997,0.000000,0.000000,0.000000,0.000000,89.319997
1523213406.100000,89.139958,89.139958,0.000000,0.000000,0.000000,0.000000,89.139958
1523213406.150000,88.520040,88.520040,0.000000,0.000000,0.000000,0.000000,88.520040
1523213406.200000,87.759977,87.759977,0.000000,0.000000,0.000000,0.000000,87.759977
1523213406.250000,88.340000,88.340000,0.000000,0.000000,0.000000,0.000000,88.340000
1523213406.300000,88.040002,88.040002,0.000000,0.000000,0.000000,0.000000,88.040002
1523213406.350000,89.480012,89.480012,0.000000,0.000000,0.000000,0.000000,89.480012
1523213406.400000,89.399999,89.399999,0.000000,0.000000,0.000000,0.000000,89.399999
1523213406.450000,89.600016,89.600016,0.000000,0.000000,0.000000,0.000000,89.600016
1523213406.500000,89.660014,89.660014,0.000000,0.000000,0.000000,0.000000,89.660014
1523213406.550000,88.759984,88.759984,0.000000,0.000000,0.000000,0.000000,88.759984
1523213406.600000,89.019979,89.019979,0.000000,0.000000,0.000000,0.000000,89.019979
1523213406.650000,89.760009,89.760009,0.000000,0.000000,0.000000,0.000000,89.760009
1523213406.700000,89.360007,89.360007,0.000000,0.000000,0.000000,0.000000,89.360007
1523213406.750000,89.879989,89.879989,0.000000,0.000000,0.000000,0.000000,89.879989
1523213406.800000,89.599995,89.599995,0.000000,0.000000,0.000000,0.000000,89.599995
1523213406.850000,89.500008,89.500008,0.000000,0.000000,0.000000,0.000000,89.500008
1523213406.900000,88.880004,88.880004,0.000000,0.000000,0.000000,0.000000,88.880004
1523213406.950000,89.419986,89.419986,0.000000,0.000000,0.000000,0.000000,89.419986
1523213407.000000,89.260018,89.260018,0.000000,0.000000,0.000000,0.000000,89.260018
1523213407.050000,89.100016,89.100016,0.000000,0.000000,0.000000,0.000000,89.100016
1523213407.100000,88.799985,88.799985,0.000000,0.000000,0.000000,0.000000,88.799985
1523213407.150000,89.300008,89.300008,0.000000,0.000000,0.000000,0.000000,89.300008
1523213407.200000,89.639988,89.639988,0.000000,0.000000,0.000000,0.000000,89.639988
1523213407.250000,89.800012,89.800012,0.000000,0.000000,0.000000,0.000000,89.800012
1523213407.300000,88.520021,88.520021,0.000000,0.000000,0.000000,0.000000,88.520021
1523213407.350000,89.239982,89.239982,0.000000,0.000000,0.000000,0.000000,89.239982
1523213407.400000,88.280034,88.280034,0.000000,0.000000,0.000000,0.000000,88.280034
1523213407.450000,88.139974,88.139974,0.000000,0.000000,0.000000,0.000000,88.139974
1523213407.500000,87.880011,87.880011,0.000000,0.000000,0.000000,0.000000,87.880011
1523213407.550000,89.000019,89.000019,0.000000,0.000000,0.000000,0.000000,89.000019
1523213407.600000,88.759999,88.759999,0.000000,0.000000,0.000000,0.000000,88.759999
1523213407.650000,89.440004,89.440004,0.000000,0.000000,0.000000,0.000000,89.440004
1523213407.700000,89.459984,89.459984,0.000000,0.000000,0.000000,0.000000,89.459984
1523213407.750000,89.360005,89.360005,0.000000,0.000000,0.000000,0.000000,89.360005
1523213407.800000,87.980031,87.980031,0.000000,0.000000,0.000000,0.000000,87.980031
1523213407.850000,88.939988,88.939988,0.000000,0.000000,0.000000,0.000000,88.939988
1523213407.900000,88.940019,88.940019,0.000000,0.000000,0.000000,0.000000,88.940019
1523213407.950000,88.439978,88.439978,0.000000,0.000000,0.000000,0.000000,88.439978
1523213408.000000,88.240018,88.240018,0.000000,0.000000,0.000000,0.000000,88.240018
1523213408.050000,89.239974,89.239974,0.000000,0.000000,0.000000,0.000000,89.239974
1523213408.100000,89.279993,89.279993,0.000000,0.000000,0.000000,0.000000,89.279993
1523213408.150000,89.040011,89.040011,0.000000,0.000000,0.000000,0.000000,89.040011
1523213408.200000,89.500010,89.500010,0.000000,0.000000,0.000000,0.000000,89.500010
1523213408.250000,86.800052,86.800052,0.000000,0.000000,0.000000,0.000000,86.800052
1523213408.300000,88.859988,88.859988,0.000000,0.000000,0.000000,0.000000,88.859988
1523213408.350000,89.339991,89.339991,0.000000,0.000000,0.000000,0.000000,89.339991
1523213408.400000,89.519985,89.519985,0.000000,0.000000,0.000000,0.000000,89.519985
1523213408.450000,88.440042,88.440042,0.000000,0.000000,0.000000,0.000000,88.440042
1523213408.500000,89.539993,89.539993,0.000000,0.000000,0.000000,0.000000,89.539993
1523213408.550000,89.520004,89.520004,0.000000,0.000000,0.000000,0.000000,89.520004
1523213408.600000,89.740010,89.740010,0.000000,0.000000,0.000000,0.000000,89.740010
1523213408.650000,89.560032,89.560032,0.000000,0.000000,0.000000,0.000000,89.560032
1523213408.700000,88.480007,88.480007,0.000000,0.000000,0.000000,0.000000,88.480007
1523213408.750000,89.820001,89.820001,0.000000,0.000000,0.000000,0.000000,89.820001
1523213408.800000,88.360028,88.360028,0.000000,0.000000,0.000000,0.000000,88.360028
1523213408.850000,89.380000,89.380000,0.000000,0.000000,0.000000,0.000000,89.380000
1523213408.900000,89.179999,89.179999,0.000000,0.000000,0.000000,0.000000,89.179999
1523213408.950000,88.199979,88.199979,0.000000,0.000000,0.000000,0.000000,88.199979
1523213409.000000,89.539991,89.539991,0.000000,0.000000,0.000000,0.000000,89.539991
1523213409.050000,85.880008,85.880008,0.000000,0.000000,0.000000,0.000000,85.880008
1523213409.100000,85.540011,85.540011,0.000000,0.000000,0.000000,0.000000,85.540011
1523213409.150000,89.059974,89.059974,0.000000,0.000000,0.000000,0.000000,89.059974
1523213409.200000,88.839977,88.839977,0.000000,0.000000,0.000000,0.000000,88.839977
1523213409.250000,88.759984,88.759984,0.000000,0.000000,0.000000,0.000000,88.759984
1523213409.300000,88.340010,88.340010,0.000000,0.000000,0.000000,0.000000,88.340010
1523213409.350000,88.739962,88.739962,0.000000,0.000000,0.000000,0.000000,88.739962
1523213409.400000,89.139988,89.139988,0.000000,0.000000,0.000000,0.000000,89.139988
1523213409.450000,89.680007,89.680007,0.000000,0.000000,0.000000,0.000000,89.680007
1523213409.500000,87.439975,87.439975,0.000000,0.000000,0.000000,0.000000,87.439975
1523213409.550000,87.360008,87.360008,0.000000,0.000000,0.000000,0.000000,87.360008
1523213409.600000,88.160021,88.160021,0.000000,0.000000,0.000000,0.000000,88.160021
1523213409.650000,74.760039,74.760039,0.000000,0.000000,0.000000,0.000000,74.760039
1523213409.700000,89.380016,89.380016,0.000000,0.000000,0.000000,0.000000,89.380016
1523213409.750000,89.519987,89.519987,0.000000,0.000000,0.000000,0.000000,89.519987
1523213409.800000,88.980002,88.980002,0.000000,0.000000,0.000000,0.000000,88.980002
1523213409.850000,89.100046,89.100046,0.000000,0.000000,0.000000,0.000000,89.100046
1523213409.900000,87.240026,87.240026,0.000000,0.000000,0.000000,0.000000,87.240026
1523213409.950000,88.879982,88.879982,0.000000,0.000000,0.000000,0.000000,88.879982
1523213410.000000,87.839999,87.839999,0.000000,0.000000,0.000000,0.000000,87.839999
1523213410.050000,89.240006,89.240006,0.000000,0.000000,0.000000,0.000000,89.240006
1523213410.100000,88.179964,88.179964,0.000000,0.000000,0.000000,0.000000,88.179964
1523213410.150000,88.300032,88.300032,0.000000,0.000000,0.000000,0.000000,88.300032
1523213410.200000,88.359999,88.359999,0.000000,0.000000,0.000000,0.000000,88.359999
1523213410.250000,89.200008,89.200008,0.000000,0.000000,0.000000,0.000000,89.200008
1523213410.300000,88.780005,88.780005,0.000000,0.000000,0.000000,0.000000,88.780005
1523213410.350000,88.139997,88.139997,0.000000,0.000000,0.000000,0.000000,88.139997
1523213410.400000,88.639964,88.639964,0.000000,0.000000,0.000000,0.000000,88.639964
1523213410.450000,87.460004,87.460004,0.000000,0.000000,0.000000,0.000000,87.460004
1523213410.500000,89.020032,89.020032,0.000000,0.000000,0.000000,0.000000,89.020032
1523213410.550000,88.840013,88.840013,0.000000,0.000000,0.000000,0.000000,88.840013
1523213410.600000,89.399986,89.399986,0.000000,0.000000,0.000000,0.000000,89.399986
1523213410.650000,89.359984,89.359984,0.000000,0.000000,0.000000,0.000000,89.359984
1523213410.700000,89.699980,89.699980,0.000000,0.000000,0.000000,0.000000,89.699980
1523213410.750000,89.499978,89.499978,0.000000,0.000000,0.000000,0.000000,89.499978
1523213410.800000,89.639994,89.639994,0.000000,0.000000,0.000000,0.000000,89.639994
1523213410.850000,88.299989,88.299989,0.000000,0.000000,0.000000,0.000000,88.299989
1523213410.900000,89.460006,89.460006,0.000000,0.000000,0.000000,0.000000,89.460006
1523213410.950000,89.919982,89.919982,0.000000,0.000000,0.000000,0.000000,89.919982
1523213411.000000,88.039983,88.039983,0.000000,0.000000,0.000000,0.000000,88.039983
1523213411.050000,89.620028,89.620028,0.000000,0.000000,0.000000,0.000000,89.620028
1523213411.100000,87.900005,87.900005,0.000000,0.000000,0.000000,0.000000,87.900005
1523213411.150000,88.960007,88.960007,0.000000,0.000000,0.000000,0.000000,88.960007
1523213411.200000,87.379992,87.379992,0.000000,0.000000,0.000000,0.000000,87.379992
1523213411.250000,89.159975,89.159975,0.000000,0.000000,0.000000,0.000000,89.159975
1523213411.300000,89.099972,89.099972,0.000000,0.000000,0.000000,0.000000,89.099972
1523213411.350000,88.399997,88.399997,0.000000,0.000000,0.000000,0.000000,88.399997
1523213411.400000,89.479983,89.479983,0.000000,0.000000,0.000000,0.000000,89.479983
1523213411.450000,89.860007,89.860007,0.000000,0.000000,0.000000,0.000000,89.860007
1523213411.500000,88.739979,88.739979,0.000000,0.000000,0.000000,0.000000,88.739979
1523213411.550000,89.580003,89.580003,0.000000,0.000000,0.000000,0.000000,89.580003
1523213411.600000,86.880045,86.880045,0.000000,0.000000,0.000000,0.000000,86.880045
1523213411.650000,89.279984,89.279984,0.000000,0.000000,0.000000,0.000000,89.279984
1523213411.700000,89.760003,89.760003,0.000000,0.000000,0.000000,0.000000,89.760003
1523213411.750000,89.019976,89.019976,0.000000,0.000000,0.000000,0.000000,89.019976
1523213411.800000,89.519996,89.519996,0.000000,0.000000,0.000000,0.000000,89.519996
1523213411.850000,89.619984,89.619984,0.000000,0.000000,0.000000,0.000000,89.619984
1523213411.900000,89.880009,89.880009,0.000000,0.000000,0.000000,0.000000,89.880009
1523213411.950000,89.559964,89.559964,0.000000,0.000000,0.000000,0.000000,89.559964
1523213412.000000,89.400019,89.400019,0.000000,0.000000,0.000000,0.000000,89.400019
1523213412.050000,89.499990,89.499990,0.000000,0.000000,0.000000,0.000000,89.499990
1523213412.100000,89.200013,89.200013,0.000000,0.000000,0.000000,0.000000,89.200013
1523213412.150000,87.740023,87.740023,0.000000,0.000000,0.000000,0.000000,87.740023
1523213412.200000,89.060002,89.060002,0.000000,0.000000,0.000000,0.000000,89.060002
1523213412.250000,89.660010,89.660010,0.000000,0.000000,0.000000,0.000000,89.660010
1523213412.300000,89.620000,89.620000,0.000000,0.000000,0.000000,0.000000,89.620000
1523213412.350000,88.579995,88.579995,0.000000,0.000000,0.000000,0.000000,88.579995
1523213412.400000,89.380029,89.380029,0.000000,0.000000,0.000000,0.000000,89.380029
1523213412.450000,88.619973,88.619973,0.000000,0.000000,0.000000,0.000000,88.619973
1523213412.500000,89.360002,89.360002,0.000000,0.000000,0.000000,0.000000,89.360002
1523213412.550000,89.719993,89.719993,0.000000,0.000000,0.000000,0.000000,89.719993
1523213412.600000,89.100021,89.100021,0.000000,0.000000,0.000000,0.000000,89.100021
1523213412.650000,89.359979,89.359979,0.000000,0.000000,0.000000,0.000000,89.359979
1523213412.700000,89.720013,89.720013,0.000000,0.000000,0.000000,0.000000,89.720013
1523213412.750000,89.080019,89.080019,0.000000,0.000000,0.000000,0.000000,89.080019
1523213412.800000,89.440008,89.440008,0.000000,0.000000,0.000000,0.000000,89.440008
1523213412.850000,89.319998,89.319998,0.000000,0.000000,0.000000,0.000000,89.319998
1523213412.900000,89.080009,89.080009,0.000000,0.000000,0.000000,0.000000,89.080009
1523213412.950000,87.039998,87.039998,0.000000,0.000000,0.000000,0.000000,87.039998
1523213413.000000,89.019993,89.019993,0.000000,0.000000,0.000000,0.000000,89.019993
1523213413.050000,89.720011,89.720011,0.000000,0.000000,0.000000,0.000000,89.720011
1523213413.100000,89.440058,89.440058,0.000000,0.000000,0.000000,0.000000,89.440058
1523213413.150000,88.860001,88.860001,0.000000,0.000000,0.000000,0.000000,88.860001
1523213413.200000,89.260037,89.260037,0.000000,0.000000,0.000000,0.000000,89.260037
1523213413.250000,89.479999,89.479999,0.000000,0.000000,0.000000,0.000000,89.479999
1523213413.300000,89.680007,89.680007,0.000000,0.000000,0.000000,0.000000,89.680007
1523213413.350000,89.459978,89.459978,0.000000,0.000000,0.000000,0.000000,89.459978
1523213413.400000,89.359983,89.359983,0.000000,0.000000,0.000000,0.000000,89.359983
1523213413.450000,89.600002,89.600002,0.000000,0.000000,0.000000,0.000000,89.600002
1523213413.500000,88.859999,88.859999,0.000000,0.000000,0.000000,0.000000,88.859999
1523213413.550000,89.260011,89.260011,0.000000,0.000000,0.000000,0.000000,89.260011
1523213413.600000,88.619980,88.619980,0.000000,0.000000,0.000000,0.000000,88.619980
1523213413.650000,87.739964,87.739964,0.000000,0.000000,0.000000,0.000000,87.739964
1523213413.700000,88.059985,88.059985,0.000000,0.000000,0.000000,0.000000,88.059985
1523213413.750000,88.779969,88.779969,0.000000,0.000000,0.000000,0.000000,88.779969
1523213413.800000,89.479980,89.479980,0.000000,0.000000,0.000000,0.000000,89.479980
1523213413.850000,89.299981,89.299981,0.000000,0.000000,0.000000,0.000000,89.299981
1523213413.900000,89.160027,89.160027,0.000000,0.000000,0.000000,0.000000,89.160027
1523213413.950000,89.220001,89.220001,0.000000,0.000000,0.000000,0.000000,89.220001
1523213414.000000,88.940004,88.940004,0.000000,0.000000,0.000000,0.000000,88.940004
1523213414.050000,88.360025,88.360025,0.000000,0.000000,0.000000,0.000000,88.360025
1523213414.100000,89.179955,89.179955,0.000000,0.000000,0.000000,0.000000,89.179955
1523213414.150000,88.479978,88.479978,0.000000,0.000000,0.000000,0.000000,88.479978
1523213414.200000,89.079986,89.079986,0.000000,0.000000,0.000000,0.000000,89.079986
1523213414.250000,89.180012,89.180012,0.000000,0.000000,0.000000,0.000000,89.180012
1523213414.300000,88.699986,88.699986,0.000000,0.000000,0.000000,0.000000,88.699986
1523213414.350000,89.159988,89.159988,0.000000,0.000000,0.000000,0.000000,89.159988
1523213414.400000,87.739989,87.739989,0.000000,0.000000,0.000000,0.000000,87.739989
1523213414.450000,82.260008,82.260008,0.000000,0.000000,0.000000,0.000000,82.260008
1523213414.500000,89.380018,89.380018,0.000000,0.000000,0.000000,0.000000,89.380018
1523213414.550000,89.599991,89.599991,0.000000,0.000000,0.000000,0.000000,89.599991
1523213414.600000,87.920068,87.920068,0.000000,0.000000,0.000000,0.000000,87.920068
1523213414.650000,88.880001,88.880001,0.000000,0.000000,0.000000,0.000000,88.880001
1523213414.700000,89.359982,89.359982,0.000000,0.000000,0.000000,0.000000,89.359982
1523213414.750000,89.240007,89.240007,0.000000,0.000000,0.000000,0.000000,89.240007
1523213414.800000,87.519988,87.519988,0.000000,0.000000,0.000000,0.000000,87.519988
1523213414.850000,89.040002,89.040002,0.000000,0.000000,0.000000,0.000000,89.040002
1523213414.900000,89.719987,89.719987,0.000000,0.000000,0.000000,0.000000,89.719987
1523213414.950000,89.779995,89.779995,0.000000,0.000000,0.000000,0.000000,89.779995
1523213415.000000,89.120008,89.120008,0.000000,0.000000,0.000000,0.000000,89.120008
1523213415.050000,87.439960,87.439960,0.000000,0.000000,0.000000,0.000000,87.439960
1523213415.100000,89.319984,89.319984,0.000000,0.000000,0.000000,0.000000,89.319984
1523213415.150000,89.339988,89.339988,0.000000,0.000000,0.000000,0.000000,89.339988
1523213415.200000,89.539987,89.539987,0.000000,0.000000,0.000000,0.000000,89.539987
1523213415.250000,86.880004,86.880004,0.000000,0.000000,0.000000,0.000000,86.880004
1523213415.300000,89.579977,89.579977,0.000000,0.000000,0.000000,0.000000,89.579977
1523213415.350000,89.099999,89.099999,0.000000,0.000000,0.000000,0.000000,89.099999
1523213415.400000,89.619975,89.619975,0.000000,0.000000,0.000000,0.000000,89.619975
1523213415.450000,89.019989,89.019989,0.000000,0.000000,0.000000,0.000000,89.019989
1523213415.500000,89.620016,89.620016,0.000000,0.000000,0.000000,0.000000,89.620016
1523213415.550000,89.459997,89.459997,0.000000,0.000000,0.000000,0.000000,89.459997
1523213415.600000,90.019985,90.019985,0.000000,0.000000,0.000000,0.000000,90.019985
1523213415.650000,89.620011,89.620011,0.000000,0.000000,0.000000,0.000000,89.620011
1523213415.700000,89.479983,89.479983,0.000000,0.000000,0.000000,0.000000,89.479983
1523213415.750000,89.540015,89.540015,0.000000,0.000000,0.000000,0.000000,89.540015
1523213415.800000,89.500011,89.500011,0.000000,0.000000,0.000000,0.000000,89.500011
1523213415.850000,88.520019,88.520019,0.000000,0.000000,0.000000,0.000000,88.520019
1523213415.900000,89.120013,89.120013,0.000000,0.000000,0.000000,0.000000,89.120013
1523213415.950000,89.339986,89.339986,0.000000,0.000000,0.000000,0.000000,89.339986
1523213416.000000,88.699976,88.699976,0.000000,0.000000,0.000000,0.000000,88.699976
1523213416.050000,88.580009,88.580009,0.000000,0.000000,0.000000,0.000000,88.580009
1523213416.100000,87.540010,87.540010,0.000000,0.000000,0.000000,0.000000,87.540010
1523213416.150000,89.339985,89.339985,0.000000,0.000000,0.000000,0.000000,89.339985
1523213416.200000,89.680023,89.680023,0.000000,0.000000,0.000000,0.000000,89.680023
1523213416.250000,79.079986,79.079986,0.000000,0.000000,0.000000,0.000000,79.079986
1523213416.300000,69.340009,69.340009,0.000000,0.000000,0.000000,0.000000,69.340009
1523213416.350000,55.099970,55.099970,0.000000,0.000000,0.000000,0.000000,55.099970
1523213416.400000,53.059996,53.059996,0.000000,0.000000,0.000000,0.000000,53.059996
1523213416.450000,51.999990,51.999990,0.000000,0.000000,0.000000,0.000000,51.999990
1523213416.500000,73.180007,73.180007,0.000000,0.000000,0.000000,0.000000,73.180007
1523213416.550000,86.519987,86.519987,0.000000,0.000000,0.000000,0.000000,86.519987
1523213416.600000,88.099957,88.099957,0.000000,0.000000,0.000000,0.000000,88.099957
1523213416.650000,89.600000,89.600000,0.000000,0.000000,0.000000,0.000000,89.600000
1523213416.700000,88.580000,88.580000,0.000000,0.000000,0.000000,0.000000,88.580000
1523213416.750000,88.499954,88.499954,0.000000,0.000000,0.000000,0.000000,88.499954
1523213416.800000,86.580037,86.580037,0.000000,0.000000,0.000000,0.000000,86.580037
1523213416.850000,88.120021,88.120021,0.000000,0.000000,0.000000,0.000000,88.120021
1523213416.900000,88.080021,88.080021,0.000000,0.000000,0.000000,0.000000,88.080021
1523213416.950000,89.279965,89.279965,0.000000,0.000000,0.000000,0.000000,89.279965
1523213417.000000,89.200013,89.200013,0.000000,0.000000,0.000000,0.000000,89.200013
1523213417.050000,89.680009,89.680009,0.000000,0.000000,0.000000,0.000000,89.680009
1523213417.100000,89.059949,89.059949,0.000000,0.000000,0.000000,0.000000,89.059949
1523213417.150000,88.219993,88.219993,0.000000,0.000000,0.000000,0.000000,88.219993
1523213417.200000,89.640018,89.640018,0.000000,0.000000,0.000000,0.000000,89.640018
1523213417.250000,89.619974,89.619974,0.000000,0.000000,0.000000,0.000000,89.619974
1523213417.300000,89.180011,89.180011,0.000000,0.000000,0.000000,0.000000,89.180011
1523213417.350000,89.019994,89.019994,0.000000,0.000000,0.000000,0.000000,89.019994
1523213417.400000,88.580016,88.580016,0.000000,0.000000,0.000000,0.000000,88.580016
1523213417.450000,89.459999,89.459999,0.000000,0.000000,0.000000,0.000000,89.459999
1523213417.500000,89.339975,89.339975,0.000000,0.000000,0.000000,0.000000,89.339975
1523213417.550000,89.040015,89.040015,0.000000,0.000000,0.000000,0.000000,89.040015
1523213417.600000,88.320001,88.320001,0.000000,0.000000,0.000000,0.000000,88.320001
1523213417.650000,87.100019,87.100019,0.000000,0.000000,0.000000,0.000000,87.100019
1523213417.700000,87.319985,87.319985,0.000000,0.000000,0.000000,0.000000,87.319985
1523213417.750000,88.660010,88.660010,0.000000,0.000000,0.000000,0.000000,88.660010
1523213417.800000,88.680037,88.680037,0.000000,0.000000,0.000000,0.000000,88.680037
1523213417.850000,89.899988,89.899988,0.000000,0.000000,0.000000,0.000000,89.899988
1523213417.900000,89.440002,89.440002,0.000000,0.000000,0.000000,0.000000,89.440002
1523213417.950000,89.519989,89.519989,0.000000,0.000000,0.000000,0.000000,89.519989
1523213418.000000,88.279976,88.279976,0.000000,0.000000,0.000000,0.000000,88.279976
1523213418.050000,88.260043,88.260043,0.000000,0.000000,0.000000,0.000000,88.260043
1523213418.100000,89.379994,89.379994,0.000000,0.000000,0.000000,0.000000,89.379994
1523213418.150000,89.380024,89.380024,0.000000,0.000000,0.000000,0.000000,89.380024
1523213418.200000,88.540019,88.540019,0.000000,0.000000,0.000000,0.000000,88.540019
1523213418.250000,89.199991,89.199991,0.000000,0.000000,0.000000,0.000000,89.199991
1523213418.300000,89.060007,89.060007,0.000000,0.000000,0.000000,0.000000,89.060007
1523213418.350000,88.919964,88.919964,0.000000,0.000000,0.000000,0.000000,88.919964
1523213418.400000,87.680030,87.680030,0.000000,0.000000,0.000000,0.000000,87.680030
1523213418.450000,87.559996,87.559996,0.000000,0.000000,0.000000,0.000000,87.559996
1523213418.500000,89.619982,89.619982,0.000000,0.000000,0.000000,0.000000,89.619982
1523213418.550000,89.839992,89.839992,0.000000,0.000000,0.000000,0.000000,89.839992
1523213418.600000,88.519965,88.519965,0.000000,0.000000,0.000000,0.000000,88.519965
1523213418.650000,89.380009,89.380009,0.000000,0.000000,0.000000,0.000000,89.380009
1523213418.700000,89.160021,89.160021,0.000000,0.000000,0.000000,0.000000,89.160021
1523213418.750000,71.979981,71.979981,0.000000,0.000000,0.000000,0.000000,71.979981
1523213418.800000,87.219963,87.219963,0.000000,0.000000,0.000000,0.000000,87.219963
1523213418.850000,89.039982,89.039982,0.000000,0.000000,0.000000,0.000000,89.039982
1523213418.900000,88.400058,88.400058,0.000000,0.000000,0.000000,0.000000,88.400058
1523213418.950000,89.499997,89.499997,0.000000,0.000000,0.000000,0.000000,89.499997
1523213419.000000,87.420010,87.420010,0.000000,0.000000,0.000000,0.000000,87.420010
1523213419.050000,88.500026,88.500026,0.000000,0.000000,0.000000,0.000000,88.500026
1523213419.100000,89.620011,89.620011,0.000000,0.000000,0.000000,0.000000,89.620011
1523213419.150000,89.399995,89.399995,0.000000,0.000000,0.000000,0.000000,89.399995
1523213419.200000,88.520036,88.520036,0.000000,0.000000,0.000000,0.000000,88.520036
1523213419.250000,89.440002,89.440002,0.000000,0.000000,0.000000,0.000000,89.440002
1523213419.300000,88.180012,88.180012,0.000000,0.000000,0.000000,0.000000,88.180012
1523213419.350000,88.379988,88.379988,0.000000,0.000000,0.000000,0.000000,88.379988
1523213419.400000,88.080001,88.080001,0.000000,0.000000,0.000000,0.000000,88.080001
1523213419.450000,89.240005,89.240005,0.000000,0.000000,0.000000,0.000000,89.240005
1523213419.500000,88.340042,88.340042,0.000000,0.000000,0.000000,0.000000,88.340042
1523213419.550000,87.760030,87.760030,0.000000,0.000000,0.000000,0.000000,87.760030
1523213419.600000,89.640007,89.640007,0.000000,0.000000,0.000000,0.000000,89.640007
1523213419.650000,87.300022,87.300022,0.000000,0.000000,0.000000,0.000000,87.300022
1523213419.700000,89.400008,89.400008,0.000000,0.000000,0.000000,0.000000,89.400008
1523213419.750000,89.480017,89.480017,0.000000,0.000000,0.000000,0.000000,89.480017
1523213419.800000,89.620005,89.620005,0.000000,0.000000,0.000000,0.000000,89.620005
1523213419.850000,89.419931,89.419931,0.000000,0.000000,0.000000,0.000000,89.419931
1523213419.900000,80.939970,80.939970,0.000000,0.000000,0.000000,0.000000,80.939970
1523213419.950000,86.739956,86.739956,0.000000,0.000000,0.000000,0.000000,86.739956
1523213420.000000,88.599980,88.599980,0.000000,0.000000,0.000000,0.000000,88.599980
1523213420.050000,89.420002,89.420002,0.000000,0.000000,0.000000,0.000000,89.420002
1523213420.100000,89.520062,89.520062,0.000000,0.000000,0.000000,0.000000,89.520062
1523213420.150000,89.439957,89.439957,0.000000,0.000000,0.000000,0.000000,89.439957
1523213420.200000,88.179978,88.179978,0.000000,0.000000,0.000000,0.000000,88.179978
1523213420.250000,89.279998,89.279998,0.000000,0.000000,0.000000,0.000000,89.279998
1523213420.300000,89.400003,89.400003,0.000000,0.000000,0.000000,0.000000,89.400003
1523213420.350000,87.619996,87.619996,0.000000,0.000000,0.000000,0.000000,87.619996
1523213420.400000,86.899981,86.899981,0.000000,0.000000,0.000000,0.000000,86.899981
1523213420.450000,88.359997,88.359997,0.000000,0.000000,0.000000,0.000000,88.359997
1523213420.500000,88.819984,88.819984,0.000000,0.000000,0.000000,0.000000,88.819984
1523213420.550000,87.600012,87.600012,0.000000,0.000000,0.000000,0.000000,87.600012
1523213420.600000,88.199956,88.199956,0.000000,0.000000,0.000000,0.000000,88.199956
1523213420.650000,89.479971,89.479971,0.000000,0.000000,0.000000,0.000000,89.479971
1523213420.700000,89.459963,89.459963,0.000000,0.000000,0.000000,0.000000,89.459963
1523213420.750000,87.779981,87.779981,0.000000,0.000000,0.000000,0.000000,87.779981
1523213420.800000,89.720008,89.720008,0.000000,0.000000,0.000000,0.000000,89.720008
1523213420.850000,88.539972,88.539972,0.000000,0.000000,0.000000,0.000000,88.539972
1523213420.900000,89.340011,89.340011,0.000000,0.000000,0.000000,0.000000,89.340011
1523213420.950000,88.800012,88.800012,0.000000,0.000000,0.000000,0.000000,88.800012
1523213421.000000,89.779998,89.779998,0.000000,0.000000,0.000000,0.000000,89.779998
1523213421.050000,88.440019,88.440019,0.000000,0.000000,0.000000,0.000000,88.440019
1523213421.100000,88.460008,88.460008,0.000000,0.000000,0.000000,0.000000,88.460008
1523213421.150000,89.759974,89.759974,0.000000,0.000000,0.000000,0.000000,89.759974
1523213421.200000,88.400016,88.400016,0.000000,0.000000,0.000000,0.000000,88.400016
1523213421.250000,89.220025,89.220025,0.000000,0.000000,0.000000,0.000000,89.220025
1523213421.300000,87.779979,87.779979,0.000000,0.000000,0.000000,0.000000,87.779979
1523213421.350000,89.059999,89.059999,0.000000,0.000000,0.000000,0.000000,89.059999
1523213421.400000,89.699991,89.699991,0.000000,0.000000,0.000000,0.000000,89.699991
1523213421.450000,88.659997,88.659997,0.000000,0.000000,0.000000,0.000000,88.659997
1523213421.500000,87.360011,87.360011,0.000000,0.000000,0.000000,0.000000,87.360011
1523213421.550000,88.759971,88.759971,0.000000,0.000000,0.000000,0.000000,88.759971
1523213421.600000,88.480011,88.480011,0.000000,0.000000,0.000000,0.000000,88.480011
1523213421.650000,86.999969,86.999969,0.000000,0.000000,0.000000,0.000000,86.999969
1523213421.700000,87.879967,87.879967,0.000000,0.000000,0.000000,0.000000,87.879967
1523213421.750000,89.640031,89.640031,0.000000,0.000000,0.000000,0.000000,89.640031
1523213421.800000,89.320017,89.320017,0.000000,0.000000,0.000000,0.000000,89.320017
1523213421.850000,89.340014,89.340014,0.000000,0.000000,0.000000,0.000000,89.340014
1523213421.900000,89.499991,89.499991,0.000000,0.000000,0.000000,0.000000,89.499991
1523213421.950000,88.560005,88.560005,0.000000,0.000000,0.000000,0.000000,88.560005
1523213422.000000,89.319999,89.319999,0.000000,0.000000,0.000000,0.000000,89.319999
1523213422.050000,88.700028,88.700028,0.000000,0.000000,0.000000,0.000000,88.700028
1523213422.100000,89.100002,89.100002,0.000000,0.000000,0.000000,0.000000,89.100002
1523213422.150000,88.920007,88.920007,0.000000,0.000000,0.000000,0.000000,88.920007
1523213422.200000,86.100003,86.100003,0.000000,0.000000,0.000000,0.000000,86.100003
1523213422.250000,87.700028,87.700028,0.000000,0.000000,0.000000,0.000000,87.700028
1523213422.300000,88.720028,88.720028,0.000000,0.000000,0.000000,0.000000,88.720028
1523213422.350000,88.600023,88.600023,0.000000,0.000000,0.000000,0.000000,88.600023
1523213422.400000,88.880016,88.880016,0.000000,0.000000,0.000000,0.000000,88.880016
1523213422.450000,89.559999,89.559999,0.000000,0.000000,0.000000,0.000000,89.559999
1523213422.500000,88.280025,88.280025,0.000000,0.000000,0.000000,0.000000,88.280025
1523213422.550000,88.999982,88.999982,0.000000,0.000000,0.000000,0.000000,88.999982
1523213422.600000,89.279957,89.279957,0.000000,0.000000,0.000000,0.000000,89.279957
1523213422.650000,89.679990,89.679990,0.000000,0.000000,0.000000,0.000000,89.679990
1523213422.700000,89.559993,89.559993,0.000000,0.000000,0.000000,0.000000,89.559993
1523213422.750000,89.079949,89.079949,0.000000,0.000000,0.000000,0.000000,89.079949
1523213422.800000,89.439980,89.439980,0.000000,0.000000,0.000000,0.000000,89.439980
1523213422.850000,87.880009,87.880009,0.000000,0.000000,0.000000,0.000000,87.880009
1523213422.900000,89.780030,89.780030,0.000000,0.000000,0.000000,0.000000,89.780030
1523213422.950000,88.519991,88.519991,0.000000,0.000000,0.000000,0.000000,88.519991
1523213423.000000,89.920015,89.920015,0.000000,0.000000,0.000000,0.000000,89.920015
1523213423.050000,88.939999,88.939999,0.000000,0.000000,0.000000,0.000000,88.939999
1523213423.100000,87.799999,87.799999,0.000000,0.000000,0.000000,0.000000,87.799999
1523213423.150000,88.599986,88.599986,0.000000,0.000000,0.000000,0.000000,88.599986
1523213423.200000,88.319997,88.319997,0.000000,0.000000,0.000000,0.000000,88.319997
1523213423.250000,89.559975,89.559975,0.000000,0.000000,0.000000,0.000000,89.559975
1523213423.300000,89.819979,89.819979,0.000000,0.000000,0.000000,0.000000,89.819979
1523213423.350000,88.479981,88.479981,0.000000,0.000000,0.000000,0.000000,88.479981
1523213423.400000,88.720004,88.720004,0.000000,0.000000,0.000000,0.000000,88.720004
1523213423.450000,89.260009,89.260009,0.000000,0.000000,0.000000,0.000000,89.260009
1523213423.500000,87.380016,87.380016,0.000000,0.000000,0.000000,0.000000,87.380016
1523213423.550000,89.600009,89.600009,0.000000,0.000000,0.000000,0.000000,89.600009
1523213423.600000,89.479981,89.479981,0.000000,0.000000,0.000000,0.000000,89.479981
1523213423.650000,89.740011,89.740011,0.000000,0.000000,0.000000,0.000000,89.740011
1523213423.700000,89.379986,89.379986,0.000000,0.000000,0.000000,0.000000,89.379986
1523213423.750000,88.879994,88.879994,0.000000,0.000000,0.000000,0.000000,88.879994
1523213423.800000,89.279965,89.279965,0.000000,0.000000,0.000000,0.000000,89.279965
1523213423.850000,89.660012,89.660012,0.000000,0.000000,0.000000,0.000000,89.660012
1523213423.900000,89.439988,89.439988,0.000000,0.000000,0.000000,0.000000,89.439988
1523213423.950000,89.259996,89.259996,0.000000,0.000000,0.000000,0.000000,89.259996
1523213424.000000,88.640055,88.640055,0.000000,0.000000,0.000000,0.000000,88.640055
1523213424.050000,88.960014,88.960014,0.000000,0.000000,0.000000,0.000000,88.960014
1523213424.100000,88.360007,88.360007,0.000000,0.000000,0.000000,0.000000,88.360007
1523213424.150000,89.180017,89.180017,0.000000,0.000000,0.000000,0.000000,89.180017
1523213424.200000,89.079974,89.079974,0.000000,0.000000,0.000000,0.000000,89.079974
1523213424.250000,89.539999,89.539999,0.000000,0.000000,0.000000,0.000000,89.539999
1523213424.300000,88.880013,88.880013,0.000000,0.000000,0.000000,0.000000,88.880013
1523213424.350000,89.300000,89.300000,0.000000,0.000000,0.000000,0.000000,89.300000
1523213424.400000,88.959983,88.959983,0.000000,0.000000,0.000000,0.000000,88.959983
1523213424.450000,88.440000,88.440000,0.000000,0.000000,0.000000,0.000000,88.440000
1523213424.500000,88.840020,88.840020,0.000000,0.000000,0.000000,0.000000,88.840020
1523213424.550000,89.419994,89.419994,0.000000,0.000000,0.000000,0.000000,89.419994
1523213424.600000,89.559986,89.559986,0.000000,0.000000,0.000000,0.000000,89.559986
1523213424.650000,89.539993,89.539993,0.000000,0.000000,0.000000,0.000000,89.539993
1523213424.700000,89.219996,89.219996,0.000000,0.000000,0.000000,0.000000,89.219996
1523213424.750000,89.619997,89.619997,0.000000,0.000000,0.000000,0.000000,89.619997
1523213424.800000,88.880008,88.880008,0.000000,0.000000,0.000000,0.000000,88.880008
1523213424.850000,87.719991,87.719991,0.000000,0.000000,0.000000,0.000000,87.719991
1523213424.900000,89.360007,89.360007,0.000000,0.000000,0.000000,0.000000,89.360007
1523213424.950000,88.140020,88.140020,0.000000,0.000000,0.000000,0.000000,88.140020
1523213425.000000,89.100029,89.100029,0.000000,0.000000,0.000000,0.000000,89.100029
1523213425.050000,88.980016,88.980016,0.000000,0.000000,0.000000,0.000000,88.980016
1523213425.100000,88.899988,88.899988,0.000000,0.000000,0.000000,0.000000,88.899988
1523213425.150000,87.439990,87.439990,0.000000,0.000000,0.000000,0.000000,87.439990
1523213425.200000,89.680004,89.680004,0.000000,0.000000,0.000000,0.000000,89.680004
1523213425.250000,88.520014,88.520014,0.000000,0.000000,0.000000,0.000000,88.520014
1523213425.300000,89.379978,89.379978,0.000000,0.000000,0.000000,0.000000,89.379978
1523213425.350000,88.719977,88.719977,0.000000,0.000000,0.000000,0.000000,88.719977
1523213425.400000,89.740000,89.740000,0.000000,0.000000,0.000000,0.000000,89.740000
1523213425.450000,89.439996,89.439996,0.000000,0.000000,0.000000,0.000000,89.439996
1523213425.500000,89.060006,89.060006,0.000000,0.000000,0.000000,0.000000,89.060006
1523213425.550000,89.820015,89.820015,0.000000,0.000000,0.000000,0.000000,89.820015
1523213425.600000,87.680003,87.680003,0.000000,0.000000,0.000000,0.000000,87.680003
1523213425.650000,87.080016,87.080016,0.000000,0.000000,0.000000,0.000000,87.080016
1523213425.700000,89.000011,89.000011,0.000000,0.000000,0.000000,0.000000,89.000011
1523213425.750000,88.040021,88.040021,0.000000,0.000000,0.000000,0.000000,88.040021
1523213425.800000,87.720000,87.720000,0.000000,0.000000,0.000000,0.000000,87.720000
1523213425.850000,89.419985,89.419985,0.000000,0.000000,0.000000,0.000000,89.419985
1523213425.900000,88.599995,88.599995,0.000000,0.000000,0.000000,0.000000,88.599995
1523213425.950000,88.559999,88.559999,0.000000,0.000000,0.000000,0.000000,88.559999
1523213426.000000,86.279981,86.279981,0.000000,0.000000,0.000000,0.000000,86.279981
1523213426.050000,89.539999,89.539999,0.000000,0.000000,0.000000,0.000000,89.539999
1523213426.100000,89.139977,89.139977,0.000000,0.000000,0.000000,0.000000,89.139977
1523213426.150000,88.279995,88.279995,0.000000,0.000000,0.000000,0.000000,88.279995
1523213426.200000,88.960022,88.960022,0.000000,0.000000,0.000000,0.000000,88.960022
1523213426.250000,88.720009,88.720009,0.000000,0.000000,0.000000,0.000000,88.720009
1523213426.300000,88.860000,88.860000,0.000000,0.000000,0.000000,0.000000,88.860000
1523213426.350000,88.780016,88.780016,0.000000,0.000000,0.000000,0.000000,88.780016
1523213426.400000,89.080001,89.080001,0.000000,0.000000,0.000000,0.000000,89.080001
1523213426.450000,86.999985,86.999985,0.000000,0.000000,0.000000,0.000000,86.999985
1523213426.500000,89.499975,89.499975,0.000000,0.000000,0.000000,0.000000,89.499975
1523213426.550000,88.619988,88.619988,0.000000,0.000000,0.000000,0.000000,88.619988
1523213426.600000,89.160028,89.160028,0.000000,0.000000,0.000000,0.000000,89.160028
1523213426.650000,87.800048,87.800048,0.000000,0.000000,0.000000,0.000000,87.800048
1523213426.700000,88.080013,88.080013,0.000000,0.000000,0.000000,0.000000,88.080013
1523213426.750000,88.220033,88.220033,0.000000,0.000000,0.000000,0.000000,88.220033
1523213426.800000,89.120048,89.120048,0.000000,0.000000,0.000000,0.000000,89.120048
1523213426.850000,89.079934,89.079934,0.000000,0.000000,0.000000,0.000000,89.079934
1523213426.900000,88.479999,88.479999,0.000000,0.000000,0.000000,0.000000,88.479999
1523213426.950000,87.499980,87.499980,0.000000,0.000000,0.000000,0.000000,87.499980
1523213427.000000,89.319994,89.319994,0.000000,0.000000,0.000000,0.000000,89.319994
1523213427.050000,89.080022,89.080022,0.000000,0.000000,0.000000,0.000000,89.080022
1523213427.100000,88.619987,88.619987,0.000000,0.000000,0.000000,0.000000,88.619987
1523213427.150000,88.520020,88.520020,0.000000,0.000000,0.000000,0.000000,88.520020
1523213427.200000,86.060007,86.060007,0.000000,0.000000,0.000000,0.000000,86.060007
1523213427.250000,88.420001,88.420001,0.000000,0.000000,0.000000,0.000000,88.420001
1523213427.300000,89.080005,89.080005,0.000000,0.000000,0.000000,0.000000,89.080005
1523213427.350000,84.940001,84.940001,0.000000,0.000000,0.000000,0.000000,84.940001
1523213427.400000,83.579986,83.579986,0.000000,0.000000,0.000000,0.000000,83.579986
1523213427.450000,86.319976,86.319976,0.000000,0.000000,0.000000,0.000000,86.319976
1523213427.500000,87.920014,87.920014,0.000000,0.000000,0.000000,0.000000,87.920014
1523213427.550000,88.359974,88.359974,0.000000,0.000000,0.000000,0.000000,88.359974
1523213427.600000,89.559999,89.559999,0.000000,0.000000,0.000000,0.000000,89.559999
1523213427.650000,88.840011,88.840011,0.000000,0.000000,0.000000,0.000000,88.840011
1523213427.700000,89.720024,89.720024,0.000000,0.000000,0.000000,0.000000,89.720024
1523213427.750000,86.999999,86.999999,0.000000,0.000000,0.000000,0.000000,86.999999
1523213427.800000,88.380052,88.380052,0.000000,0.000000,0.000000,0.000000,88.380052
1523213427.850000,89.039983,89.039983,0.000000,0.000000,0.000000,0.000000,89.039983
1523213427.900000,89.700006,89.700006,0.000000,0.000000,0.000000,0.000000,89.700006
1523213427.950000,89.520003,89.520003,0.000000,0.000000,0.000000,0.000000,89.520003
1523213428.000000,89.479982,89.479982,0.000000,0.000000,0.000000,0.000000,89.479982
1523213428.050000,89.840025,89.840025,0.000000,0.000000,0.000000,0.000000,89.840025
1523213428.100000,88.999969,88.999969,0.000000,0.000000,0.000000,0.000000,88.999969
1523213428.150000,89.759990,89.759990,0.000000,0.000000,0.000000,0.000000,89.759990
1523213428.200000,89.880006,89.880006,0.000000,0.000000,0.000000,0.000000,89.880006
1523213428.250000,89.319963,89.319963,0.000000,0.000000,0.000000,0.000000,89.319963
1523213428.300000,89.380013,89.380013,0.000000,0.000000,0.000000,0.000000,89.380013
1523213428.350000,89.579964,89.579964,0.000000,0.000000,0.000000,0.000000,89.579964
1523213428.400000,89.300014,89.300014,0.000000,0.000000,0.000000,0.000000,89.300014
1523213428.450000,89.679972,89.679972,0.000000,0.000000,0.000000,0.000000,89.679972
1523213428.500000,89.720011,89.720011,0.000000,0.000000,0.000000,0.000000,89.720011
1523213428.550000,87.720024,87.720024,0.000000,0.000000,0.000000,0.000000,87.720024
1523213428.600000,89.159983,89.159983,0.000000,0.000000,0.000000,0.000000,89.159983
1523213428.650000,89.040007,89.040007,0.000000,0.000000,0.000000,0.000000,89.040007
1523213428.700000,88.739982,88.739982,0.000000,0.000000,0.000000,0.000000,88.739982
1523213428.750000,88.080013,88.080013,0.000000,0.000000,0.000000,0.000000,88.080013
1523213428.800000,88.360006,88.360006,0.000000,0.000000,0.000000,0.000000,88.360006
1523213428.850000,88.520029,88.520029,0.000000,0.000000,0.000000,0.000000,88.520029
1523213428.900000,85.120004,85.120004,0.000000,0.000000,0.000000,0.000000,85.120004
1523213428.950000,88.900024,88.900024,0.000000,0.000000,0.000000,0.000000,88.900024
1523213429.000000,89.379993,89.379993,0.000000,0.000000,0.000000,0.000000,89.379993
1523213429.050000,89.579968,89.579968,0.000000,0.000000,0.000000,0.000000,89.579968
1523213429.100000,89.460013,89.460013,0.000000,0.000000,0.000000,0.000000,89.460013
1523213429.150000,89.600001,89.600001,0.000000,0.000000,0.000000,0.000000,89.600001
1523213429.200000,89.620008,89.620008,0.000000,0.000000,0.000000,0.000000,89.620008
1523213429.250000,89.699986,89.699986,0.000000,0.000000,0.000000,0.000000,89.699986
1523213429.300000,88.340000,88.340000,0.000000,0.000000,0.000000,0.000000,88.340000
1523213429.350000,89.059951,89.059951,0.000000,0.000000,0.000000,0.000000,89.059951
1523213429.400000,87.739989,87.739989,0.000000,0.000000,0.000000,0.000000,87.739989
1523213429.450000,88.339976,88.339976,0.000000,0.000000,0.000000,0.000000,88.339976
1523213429.500000,87.760018,87.760018,0.000000,0.000000,0.000000,0.000000,87.760018
1523213429.550000,88.760029,88.760029,0.000000,0.000000,0.000000,0.000000,88.760029
1523213429.600000,84.660022,84.660022,0.000000,0.000000,0.000000,0.000000,84.660022
1523213429.650000,89.480000,89.480000,0.000000,0.000000,0.000000,0.000000,89.480000
1523213429.700000,88.059992,88.059992,0.000000,0.000000,0.000000,0.000000,88.059992
1523213429.750000,88.920017,88.920017,0.000000,0.000000,0.000000,0.000000,88.920017
1523213429.800000,89.819995,89.819995,0.000000,0.000000,0.000000,0.000000,89.819995
1523213429.850000,89.519996,89.519996,0.000000,0.000000,0.000000,0.000000,89.519996
1523213429.900000,87.700006,87.700006,0.000000,0.000000,0.000000,0.000000,87.700006
1523213429.950000,87.920018,87.920018,0.000000,0.000000,0.000000,0.000000,87.920018
1523213430.000000,89.560009,89.560009,0.000000,0.000000,0.000000,0.000000,89.560009
1523213430.050000,89.380011,89.380011,0.000000,0.000000,0.000000,0.000000,89.380011
1523213430.100000,87.640007,87.640007,0.000000,0.000000,0.000000,0.000000,87.640007
1523213430.150000,89.340034,89.340034,0.000000,0.000000,0.000000,0.000000,89.340034
1523213430.200000,87.960003,87.960003,0.000000,0.000000,0.000000,0.000000,87.960003
1523213430.250000,88.860028,88.860028,0.000000,0.000000,0.000000,0.000000,88.860028
1523213430.300000,89.419985,89.419985,0.000000,0.000000,0.000000,0.000000,89.419985
1523213430.350000,89.460021,89.460021,0.000000,0.000000,0.000000,0.000000,89.460021
1523213430.400000,89.679978,89.679978,0.000000,0.000000,0.000000,0.000000,89.679978
1523213430.450000,84.660011,84.660011,0.000000,0.000000,0.000000,0.000000,84.660011
1523213430.500000,88.759953,88.759953,0.000000,0.000000,0.000000,0.000000,88.759953
1523213430.550000,89.399992,89.399992,0.000000,0.000000,0.000000,0.000000,89.399992
1523213430.600000,89.179976,89.179976,0.000000,0.000000,0.000000,0.000000,89.179976
1523213430.650000,89.540015,89.540015,0.000000,0.000000,0.000000,0.000000,89.540015
1523213430.700000,89.020018,89.020018,0.000000,0.000000,0.000000,0.000000,89.020018
1523213430.750000,89.519997,89.519997,0.000000,0.000000,0.000000,0.000000,89.519997
1523213430.800000,88.060000,88.060000,0.000000,0.000000,0.000000,0.000000,88.060000
1523213430.850000,89.399986,89.399986,0.000000,0.000000,0.000000,0.000000,89.399986
1523213430.900000,89.479984,89.479984,0.000000,0.000000,0.000000,0.000000,89.479984
1523213430.950000,89.580024,89.580024,0.000000,0.000000,0.000000,0.000000,89.580024
1523213431.000000,89.679991,89.679991,0.000000,0.000000,0.000000,0.000000,89.679991
1523213431.050000,89.360012,89.360012,0.000000,0.000000,0.000000,0.000000,89.360012
1523213431.100000,89.500006,89.500006,0.000000,0.000000,0.000000,0.000000,89.500006
1523213431.150000,85.840010,85.840010,0.000000,0.000000,0.000000,0.000000,85.840010
1523213431.200000,87.719997,87.719997,0.000000,0.000000,0.000000,0.000000,87.719997
1523213431.250000,89.620016,89.620016,0.000000,0.000000,0.000000,0.000000,89.620016
1523213431.300000,89.379974,89.379974,0.000000,0.000000,0.000000,0.000000,89.379974
1523213431.350000,88.220022,88.220022,0.000000,0.000000,0.000000,0.000000,88.220022
1523213431.400000,88.179982,88.179982,0.000000,0.000000,0.000000,0.000000,88.179982
1523213431.450000,89.240005,89.240005,0.000000,0.000000,0.000000,0.000000,89.240005
1523213431.500000,88.880033,88.880033,0.000000,0.000000,0.000000,0.000000,88.880033
1523213431.550000,88.739998,88.739998,0.000000,0.000000,0.000000,0.000000,88.739998
1523213431.600000,89.540047,89.540047,0.000000,0.000000,0.000000,0.000000,89.540047
1523213431.650000,84.459970,84.459970,0.000000,0.000000,0.000000,0.000000,84.459970
1523213431.700000,86.740019,86.740019,0.000000,0.000000,0.000000,0.000000,86.740019
1523213431.750000,88.619987,88.619987,0.000000,0.000000,0.000000,0.000000,88.619987
1523213431.800000,88.420007,88.420007,0.000000,0.000000,0.000000,0.000000,88.420007
1523213431.850000,88.239976,88.239976,0.000000,0.000000,0.000000,0.000000,88.239976
1523213431.900000,88.859996,88.859996,0.000000,0.000000,0.000000,0.000000,88.859996
1523213431.950000,89.339977,89.339977,0.000000,0.000000,0.000000,0.000000,89.339977
1523213432.000000,89.800009,89.800009,0.000000,0.000000,0.000000,0.000000,89.800009
1523213432.050000,88.819994,88.819994,0.000000,0.000000,0.000000,0.000000,88.819994
1523213432.100000,89.359962,89.359962,0.000000,0.000000,0.000000,0.000000,89.359962
1523213432.150000,89.419997,89.419997,0.000000,0.000000,0.000000,0.000000,89.419997
1523213432.200000,89.439997,89.439997,0.000000,0.000000,0.000000,0.000000,89.439997
1523213432.250000,88.960011,88.960011,0.000000,0.000000,0.000000,0.000000,88.960011
1523213432.300000,89.660014,89.660014,0.000000,0.000000,0.000000,0.000000,89.660014
1523213432.350000,89.520010,89.520010,0.000000,0.000000,0.000000,0.000000,89.520010
1523213432.400000,88.640015,88.640015,0.000000,0.000000,0.000000,0.000000,88.640015
1523213432.450000,88.800013,88.800013,0.000000,0.000000,0.000000,0.000000,88.800013
1523213432.500000,86.740018,86.740018,0.000000,0.000000,0.000000,0.000000,86.740018
1523213432.550000,89.179979,89.179979,0.000000,0.000000,0.000000,0.000000,89.179979
1523213432.600000,86.080017,86.080017,0.000000,0.000000,0.000000,0.000000,86.080017
1523213432.650000,88.639986,88.639986,0.000000,0.000000,0.000000,0.000000,88.639986
1523213432.700000,89.380001,89.380001,0.000000,0.000000,0.000000,0.000000,89.380001
1523213432.750000,88.259997,88.259997,0.000000,0.000000,0.000000,0.000000,88.259997
1523213432.800000,87.700024,87.700024,0.000000,0.000000,0.000000,0.000000,87.700024
1523213432.850000,89.539997,89.539997,0.000000,0.000000,0.000000,0.000000,89.539997
1523213432.900000,89.540001,89.540001,0.000000,0.000000,0.000000,0.000000,89.540001
1523213432.950000,88.300000,88.300000,0.000000,0.000000,0.000000,0.000000,88.300000
1523213433.000000,89.740017,89.740017,0.000000,0.000000,0.000000,0.000000,89.740017
1523213433.050000,89.600007,89.600007,0.000000,0.000000,0.000000,0.000000,89.600007
1523213433.100000,89.399995,89.399995,0.000000,0.000000,0.000000,0.000000,89.399995
1523213433.150000,88.500016,88.500016,0.000000,0.000000,0.000000,0.000000,88.500016
1523213433.200000,87.579989,87.579989,0.000000,0.000000,0.000000,0.000000,87.579989
1523213433.250000,89.019983,89.019983,0.000000,0.000000,0.000000,0.000000,89.019983
1523213433.300000,79.440058,79.440058,0.000000,0.000000,0.000000,0.000000,79.440058
1523213433.350000,88.079977,88.079977,0.000000,0.000000,0.000000,0.000000,88.079977
1523213433.400000,89.080011,89.080011,0.000000,0.000000,0.000000,0.000000,89.080011
1523213433.450000,88.279970,88.279970,0.000000,0.000000,0.000000,0.000000,88.279970
1523213433.500000,89.379991,89.379991,0.000000,0.000000,0.000000,0.000000,89.379991
1523213433.550000,88.560014,88.560014,0.000000,0.000000,0.000000,0.000000,88.560014
1523213433.600000,89.580006,89.580006,0.000000,0.000000,0.000000,0.000000,89.580006
1523213433.650000,88.780021,88.780021,0.000000,0.000000,0.000000,0.000000,88.780021
1523213433.700000,88.500000,88.500000,0.000000,0.000000,0.000000,0.000000,88.500000
1523213433.750000,89.680003,89.680003,0.000000,0.000000,0.000000,0.000000,89.680003
1523213433.800000,89.479998,89.479998,0.000000,0.000000,0.000000,0.000000,89.479998
1523213433.850000,88.579967,88.579967,0.000000,0.000000,0.000000,0.000000,88.579967
1523213433.900000,88.420028,88.420028,0.000000,0.000000,0.000000,0.000000,88.420028
1523213433.950000,89.459978,89.459978,0.000000,0.000000,0.000000,0.000000,89.459978
1523213434.000000,88.819989,88.819989,0.000000,0.000000,0.000000,0.000000,88.819989
1523213434.050000,89.380024,89.380024,0.000000,0.000000,0.000000,0.000000,89.380024
1523213434.100000,89.560001,89.560001,0.000000,0.000000,0.000000,0.000000,89.560001
1523213434.150000,88.280024,88.280024,0.000000,0.000000,0.000000,0.000000,88.280024
1523213434.200000,89.000010,89.000010,0.000000,0.000000,0.000000,0.000000,89.000010
1523213434.250000,88.900013,88.900013,0.000000,0.000000,0.000000,0.000000,88.900013
1523213434.300000,89.399990,89.399990,0.000000,0.000000,0.000000,0.000000,89.399990
1523213434.350000,89.260038,89.260038,0.000000,0.000000,0.000000,0.000000,89.260038
1523213434.400000,88.800000,88.800000,0.000000,0.000000,0.000000,0.000000,88.800000
1523213434.450000,87.159992,87.159992,0.000000,0.000000,0.000000,0.000000,87.159992
1523213434.500000,88.020016,88.020016,0.000000,0.000000,0.000000,0.000000,88.020016
1523213434.550000,88.960013,88.960013,0.000000,0.000000,0.000000,0.000000,88.960013
1523213434.600000,89.180003,89.180003,0.000000,0.000000,0.000000,0.000000,89.180003
1523213434.650000,88.479996,88.479996,0.000000,0.000000,0.000000,0.000000,88.479996
1523213434.700000,87.939994,87.939994,0.000000,0.000000,0.000000,0.000000,87.939994
1523213434.750000,89.459976,89.459976,0.000000,0.000000,0.000000,0.000000,89.459976
1523213434.800000,88.819965,88.819965,0.000000,0.000000,0.000000,0.000000,88.819965
1523213434.850000,88.059980,88.059980,0.000000,0.000000,0.000000,0.000000,88.059980
1523213434.900000,52.960000,52.960000,0.000000,0.000000,0.000000,0.000000,52.960000
1523213434.950000,0.119999,0.119999,0.000000,0.000000,0.000000,0.000000,0.119999
1523213435.000000,0.000000,0.000000,0.000000,0.000000,0.000000,0.000000,0.000000
1523213435.050000,0.000000,0.000000,0.000000,0.000000,0.000000,0.000000,0.000000
1523213435.100000,0.000000,0.000000,0.000000,0.000000,0.000000,0.000000,0.000000
1523213435.150000,0.000000,0.000000,0.000000,0.000000,0.000000,0.000000,0.000000
1523213435.200000,2.599999,2.599999,0.000000,0.000000,0.000000,0.000000,2.599999
1523213435.250000,67.860015,67.860015,0.000000,0.000000,0.000000,0.000000,67.860015
1523213435.300000,89.659995,89.659995,0.000000,0.000000,0.000000,0.000000,89.659995
1523213435.350000,87.440006,87.440006,0.000000,0.000000,0.000000,0.000000,87.440006
1523213435.400000,89.639991,89.639991,0.000000,0.000000,0.000000,0.000000,89.639991
1523213435.450000,89.059968,89.059968,0.000000,0.000000,0.000000,0.000000,89.059968
1523213435.500000,89.300025,89.300025,0.000000,0.000000,0.000000,0.000000,89.300025
1523213435.550000,87.339987,87.339987,0.000000,0.000000,0.000000,0.000000,87.339987
1523213435.600000,88.719999,88.719999,0.000000,0.000000,0.000000,0.000000,88.719999
1523213435.650000,89.040003,89.040003,0.000000,0.000000,0.000000,0.000000,89.040003
1523213435.700000,89.159994,89.159994,0.000000,0.000000,0.000000,0.000000,89.159994
1523213435.750000,87.760022,87.760022,0.000000,0.000000,0.000000,0.000000,87.760022
1523213435.800000,87.999981,87.999981,0.000000,0.000000,0.000000,0.000000,87.999981
1523213435.850000,88.560003,88.560003,0.000000,0.000000,0.000000,0.000000,88.560003
1523213435.900000,89.559998,89.559998,0.000000,0.000000,0.000000,0.000000,89.559998
1523213435.950000,89.360021,89.360021,0.000000,0.000000,0.000000,0.000000,89.360021
1523213436.000000,85.720015,85.720015,0.000000,0.000000,0.000000,0.000000,85.720015
1523213436.050000,89.439988,89.439988,0.000000,0.000000,0.000000,0.000000,89.439988
1523213436.100000,87.779986,87.779986,0.000000,0.000000,0.000000,0.000000,87.779986
1523213436.150000,88.740022,88.740022,0.000000,0.000000,0.000000,0.000000,88.740022
1523213436.200000,88.920032,88.920032,0.000000,0.000000,0.000000,0.000000,88.920032
1523213436.250000,89.119999,89.119999,0.000000,0.000000,0.000000,0.000000,89.119999
1523213436.300000,89.279963,89.279963,0.000000,0.000000,0.000000,0.000000,89.279963
1523213436.350000,87.820020,87.820020,0.000000,0.000000,0.000000,0.000000,87.820020
1523213436.400000,89.560021,89.560021,0.000000,0.000000,0.000000,0.000000,89.560021
1523213436.450000,89.139977,89.139977,0.000000,0.000000,0.000000,0.000000,89.139977
1523213436.500000,88.779964,88.779964,0.000000,0.000000,0.000000,0.000000,88.779964
1523213436.550000,88.659999,88.659999,0.000000,0.000000,0.000000,0.000000,88.659999
1523213436.600000,88.659973,88.659973,0.000000,0.000000,0.000000,0.000000,88.659973
1523213436.650000,88.340005,88.340005,0.000000,0.000000,0.000000,0.000000,88.340005
1523213436.700000,88.600023,88.600023,0.000000,0.000000,0.000000,0.000000,88.600023
1523213436.750000,88.619970,88.619970,0.000000,0.000000,0.000000,0.000000,88.619970
1523213436.800000,88.899978,88.899978,0.000000,0.000000,0.000000,0.000000,88.899978
1523213436.850000,88.259972,88.259972,0.000000,0.000000,0.000000,0.000000,88.259972
1523213436.900000,89.640008,89.640008,0.000000,0.000000,0.000000,0.000000,89.640008
1523213436.950000,88.779977,88.779977,0.000000,0.000000,0.000000,0.000000,88.779977
1523213437.000000,89.639990,89.639990,0.000000,0.000000,0.000000,0.000000,89.639990
1523213437.050000,88.800003,88.800003,0.000000,0.000000,0.000000,0.000000,88.800003
1523213437.100000,89.920002,89.920002,0.000000,0.000000,0.000000,0.000000,89.920002
1523213437.150000,89.580001,89.580001,0.000000,0.000000,0.000000,0.000000,89.580001
1523213437.200000,89.340004,89.340004,0.000000,0.000000,0.000000,0.000000,89.340004
1523213437.250000,85.820000,85.820000,0.000000,0.000000,0.000000,0.000000,85.820000
1523213437.300000,89.140008,89.140008,0.000000,0.000000,0.000000,0.000000,89.140008
1523213437.350000,87.939994,87.939994,0.000000,0.000000,0.000000,0.000000,87.939994
1523213437.400000,89.400008,89.400008,0.000000,0.000000,0.000000,0.000000,89.400008
1523213437.450000,89.279974,89.279974,0.000000,0.000000,0.000000,0.000000,89.279974
1523213437.500000,89.820014,89.820014,0.000000,0.000000,0.000000,0.000000,89.820014
1523213437.550000,83.639977,83.639977,0.000000,0.000000,0.000000,0.000000,83.639977
1523213437.600000,89.160033,89.160033,0.000000,0.000000,0.000000,0.000000,89.160033
1523213437.650000,88.879973,88.879973,0.000000,0.000000,0.000000,0.000000,88.879973
1523213437.700000,86.999980,86.999980,0.000000,0.000000,0.000000,0.000000,86.999980
1523213437.750000,89.719987,89.719987,0.000000,0.000000,0.000000,0.000000,89.719987
1523213437.800000,89.919991,89.919991,0.000000,0.000000,0.000000,0.000000,89.919991
1523213437.850000,89.339993,89.339993,0.000000,0.000000,0.000000,0.000000,89.339993
1523213437.900000,89.100031,89.100031,0.000000,0.000000,0.000000,0.000000,89.100031
1523213437.950000,89.639996,89.639996,0.000000,0.000000,0.000000,0.000000,89.639996
1523213438.000000,89.539996,89.539996,0.000000,0.000000,0.000000,0.000000,89.539996
1523213438.050000,89.639991,89.639991,0.000000,0.000000,0.000000,0.000000,89.639991
1523213438.100000,89.159989,89.159989,0.000000,0.000000,0.000000,0.000000,89.159989
1523213438.150000,89.280016,89.280016,0.000000,0.000000,0.000000,0.000000,89.280016
1523213438.200000,88.840001,88.840001,0.000000,0.000000,0.000000,0.000000,88.840001
1523213438.250000,87.500019,87.500019,0.000000,0.000000,0.000000,0.000000,87.500019
1523213438.300000,88.359988,88.359988,0.000000,0.000000,0.000000,0.000000,88.359988
1523213438.350000,88.819970,88.819970,0.000000,0.000000,0.000000,0.000000,88.819970
1523213438.400000,89.640017,89.640017,0.000000,0.000000,0.000000,0.000000,89.640017
1523213438.450000,87.939996,87.939996,0.000000,0.000000,0.000000,0.000000,87.939996
1523213438.500000,89.360002,89.360002,0.000000,0.000000,0.000000,0.000000,89.360002
1523213438.550000,89.720015,89.720015,0.000000,0.000000,0.000000,0.000000,89.720015
1523213438.600000,89.139984,89.139984,0.000000,0.000000,0.000000,0.000000,89.139984
1523213438.650000,89.680003,89.680003,0.000000,0.000000,0.000000,0.000000,89.680003
1523213438.700000,89.040012,89.040012,0.000000,0.000000,0.000000,0.000000,89.040012
1523213438.750000,89.239993,89.239993,0.000000,0.000000,0.000000,0.000000,89.239993
1523213438.800000,89.259974,89.259974,0.000000,0.000000,0.000000,0.000000,89.259974
1523213438.850000,89.539980,89.539980,0.000000,0.000000,0.000000,0.000000,89.539980
1523213438.900000,87.419989,87.419989,0.000000,0.000000,0.000000,0.000000,87.419989
1523213438.950000,89.099985,89.099985,0.000000,0.000000,0.000000,0.000000,89.099985
1523213439.000000,88.739971,88.739971,0.000000,0.000000,0.000000,0.000000,88.739971
1523213439.050000,89.320009,89.320009,0.000000,0.000000,0.000000,0.000000,89.320009
1523213439.100000,89.539998,89.539998,0.000000,0.000000,0.000000,0.000000,89.539998
1523213439.150000,89.259974,89.259974,0.000000,0.000000,0.000000,0.000000,89.259974
1523213439.200000,87.259967,87.259967,0.000000,0.000000,0.000000,0.000000,87.259967
1523213439.250000,87.919996,87.919996,0.000000,0.000000,0.000000,0.000000,87.919996
1523213439.300000,87.960002,87.960002,0.000000,0.000000,0.000000,0.000000,87.960002
1523213439.350000,89.019976,89.019976,0.000000,0.000000,0.000000,0.000000,89.019976
1523213439.400000,86.920005,86.920005,0.000000,0.000000,0.000000,0.000000,86.920005
1523213439.450000,89.200014,89.200014,0.000000,0.000000,0.000000,0.000000,89.200014
1523213439.500000,89.720008,89.720008,0.000000,0.000000,0.000000,0.000000,89.720008
1523213439.550000,89.039963,89.039963,0.000000,0.000000,0.000000,0.000000,89.039963
1523213439.600000,89.059998,89.059998,0.000000,0.000000,0.000000,0.000000,89.059998
1523213439.650000,88.659992,88.659992,0.000000,0.000000,0.000000,0.000000,88.659992
1523213439.700000,89.219991,89.219991,0.000000,0.000000,0.000000,0.000000,89.219991
1523213439.750000,89.259977,89.259977,0.000000,0.000000,0.000000,0.000000,89.259977
1523213439.800000,88.440027,88.440027,0.000000,0.000000,0.000000,0.000000,88.440027
1523213439.850000,89.479966,89.479966,0.000000,0.000000,0.000000,0.000000,89.479966
1523213439.900000,89.459997,89.459997,0.000000,0.000000,0.000000,0.000000,89.459997
1523213439.950000,88.959991,88.959991,0.000000,0.000000,0.000000,0.000000,88.959991
1523213440.000000,89.459992,89.459992,0.000000,0.000000,0.000000,0.000000,89.459992
1523213440.050000,89.900028,89.900028,0.000000,0.000000,0.000000,0.000000,89.900028
1523213440.100000,89.739997,89.739997,0.000000,0.000000,0.000000,0.000000,89.739997
1523213440.150000,89.599996,89.599996,0.000000,0.000000,0.000000,0.000000,89.599996
1523213440.200000,88.479988,88.479988,0.000000,0.000000,0.000000,0.000000,88.479988
1523213440.250000,83.700036,83.700036,0.000000,0.000000,0.000000,0.000000,83.700036
1523213440.300000,89.860010,89.860010,0.000000,0.000000,0.000000,0.000000,89.860010
1523213440.350000,89.720009,89.720009,0.000000,0.000000,0.000000,0.000000,89.720009
1523213440.400000,88.739981,88.739981,0.000000,0.000000,0.000000,0.000000,88.739981
1523213440.450000,89.500003,89.500003,0.000000,0.000000,0.000000,0.000000,89.500003
1523213440.500000,89.539986,89.539986,0.000000,0.000000,0.000000,0.000000,89.539986
1523213440.550000,85.580024,85.580024,0.000000,0.000000,0.000000,0.000000,85.580024
1523213440.600000,89.140021,89.140021,0.000000,0.000000,0.000000,0.000000,89.140021
1523213440.650000,89.600003,89.600003,0.000000,0.000000,0.000000,0.000000,89.600003
1523213440.700000,88.839974,88.839974,0.000000,0.000000,0.000000,0.000000,88.839974
1523213440.750000,89.140017,89.140017,0.000000,0.000000,0.000000,0.000000,89.140017
1523213440.800000,89.560004,89.560004,0.000000,0.000000,0.000000,0.000000,89.560004
1523213440.850000,88.619969,88.619969,0.000000,0.000000,0.000000,0.000000,88.619969
1523213440.900000,86.979989,86.979989,0.000000,0.000000,0.000000,0.000000,86.979989
1523213440.950000,88.839991,88.839991,0.000000,0.000000,0.000000,0.000000,88.839991
1523213441.000000,89.720004,89.720004,0.000000,0.000000,0.000000,0.000000,89.720004
1523213441.050000,89.279996,89.279996,0.000000,0.000000,0.000000,0.000000,89.279996
1523213441.100000,89.280007,89.280007,0.000000,0.000000,0.000000,0.000000,89.280007
1523213441.150000,89.460000,89.460000,0.000000,0.000000,0.000000,0.000000,89.460000
1523213441.200000,89.260000,89.260000,0.000000,0.000000,0.000000,0.000000,89.260000
1523213441.250000,89.339979,89.339979,0.000000,0.000000,0.000000,0.000000,89.339979
1523213441.300000,88.379981,88.379981,0.000000,0.000000,0.000000,0.000000,88.379981
1523213441.350000,86.739971,86.739971,0.000000,0.000000,0.000000,0.000000,86.739971
1523213441.400000,86.940031,86.940031,0.000000,0.000000,0.000000,0.000000,86.940031
1523213441.450000,89.059970,89.059970,0.000000,0.000000,0.000000,0.000000,89.059970
1523213441.500000,89.859990,89.859990,0.000000,0.000000,0.000000,0.000000,89.859990
1523213441.550000,88.620028,88.620028,0.000000,0.000000,0.000000,0.000000,88.620028
1523213441.600000,89.259994,89.259994,0.000000,0.000000,0.000000,0.000000,89.259994
1523213441.650000,89.280010,89.280010,0.000000,0.000000,0.000000,0.000000,89.280010
1523213441.700000,89.560011,89.560011,0.000000,0.000000,0.000000,0.000000,89.560011
1523213441.750000,89.059959,89.059959,0.000000,0.000000,0.000000,0.000000,89.059959
1523213441.800000,89.020003,89.020003,0.000000,0.000000,0.000000,0.000000,89.020003
1523213441.850000,89.580005,89.580005,0.000000,0.000000,0.000000,0.000000,89.580005
1523213441.900000,89.339993,89.339993,0.000000,0.000000,0.000000,0.000000,89.339993
1523213441.950000,89.300006,89.300006,0.000000,0.000000,0.000000,0.000000,89.300006
1523213442.000000,88.960009,88.960009,0.000000,0.000000,0.000000,0.000000,88.960009
1523213442.050000,88.820004,88.820004,0.000000,0.000000,0.000000,0.000000,88.820004
1523213442.100000,88.159998,88.159998,0.000000,0.000000,0.000000,0.000000,88.159998
1523213442.150000,89.700033,89.700033,0.000000,0.000000,0.000000,0.000000,89.700033
1523213442.200000,88.279984,88.279984,0.000000,0.000000,0.000000,0.000000,88.279984
1523213442.250000,89.759993,89.759993,0.000000,0.000000,0.000000,0.000000,89.759993
1523213442.300000,88.939970,88.939970,0.000000,0.000000,0.000000,0.000000,88.939970
1523213442.350000,89.379978,89.379978,0.000000,0.000000,0.000000,0.000000,89.379978
1523213442.400000,89.020012,89.020012,0.000000,0.000000,0.000000,0.000000,89.020012
1523213442.450000,89.020000,89.020000,0.000000,0.000000,0.000000,0.000000,89.020000
1523213442.500000,89.400018,89.400018,0.000000,0.000000,0.000000,0.000000,89.400018
1523213442.550000,89.240005,89.240005,0.000000,0.000000,0.000000,0.000000,89.240005
1523213442.600000,87.579992,87.579992,0.000000,0.000000,0.000000,0.000000,87.579992
1523213442.650000,89.500028,89.500028,0.000000,0.000000,0.000000,0.000000,89.500028
1523213442.700000,89.180028,89.180028,0.000000,0.000000,0.000000,0.000000,89.180028
1523213442.750000,88.419966,88.419966,0.000000,0.000000,0.000000,0.000000,88.419966
1523213442.800000,88.740022,88.740022,0.000000,0.000000,0.000000,0.000000,88.740022
1523213442.850000,88.719948,88.719948,0.000000,0.000000,0.000000,0.000000,88.719948
1523213442.900000,88.740014,88.740014,0.000000,0.000000,0.000000,0.000000,88.740014
1523213442.950000,89.460014,89.460014,0.000000,0.000000,0.000000,0.000000,89.460014
1523213443.000000,88.920008,88.920008,0.000000,0.000000,0.000000,0.000000,88.920008
1523213443.050000,87.320014,87.320014,0.000000,0.000000,0.000000,0.000000,87.320014
1523213443.100000,89.040006,89.040006,0.000000,0.000000,0.000000,0.000000,89.040006
1523213443.150000,89.060000,89.060000,0.000000,0.000000,0.000000,0.000000,89.060000
1523213443.200000,88.800006,88.800006,0.000000,0.000000,0.000000,0.000000,88.800006
1523213443.250000,88.480018,88.480018,0.000000,0.000000,0.000000,0.000000,88.480018
1523213443.300000,89.760006,89.760006,0.000000,0.000000,0.000000,0.000000,89.760006
1523213443.350000,89.779958,89.779958,0.000000,0.000000,0.000000,0.000000,89.779958
1523213443.400000,89.500030,89.500030,0.000000,0.000000,0.000000,0.000000,89.500030
1523213443.450000,89.179982,89.179982,0.000000,0.000000,0.000000,0.000000,89.179982
1523213443.500000,89.219969,89.219969,0.000000,0.000000,0.000000,0.000000,89.219969
1523213443.550000,88.520007,88.520007,0.000000,0.000000,0.000000,0.000000,88.520007
1523213443.600000,89.240023,89.240023,0.000000,0.000000,0.000000,0.000000,89.240023
1523213443.650000,88.680035,88.680035,0.000000,0.000000,0.000000,0.000000,88.680035
1523213443.700000,89.819970,89.819970,0.000000,0.000000,0.000000,0.000000,89.819970
1523213443.750000,87.899976,87.899976,0.000000,0.000000,0.000000,0.000000,87.899976
1523213443.800000,86.979989,86.979989,0.000000,0.000000,0.000000,0.000000,86.979989
1523213443.850000,88.899990,88.899990,0.000000,0.000000,0.000000,0.000000,88.899990
1523213443.900000,85.939973,85.939973,0.000000,0.000000,0.000000,0.000000,85.939973
1523213443.950000,88.900000,88.900000,0.000000,0.000000,0.000000,0.000000,88.900000
1523213444.000000,89.459975,89.459975,0.000000,0.000000,0.000000,0.000000,89.459975
1523213444.050000,89.720038,89.720038,0.000000,0.000000,0.000000,0.000000,89.720038
1523213444.100000,88.979987,88.979987,0.000000,0.000000,0.000000,0.000000,88.979987
1523213444.150000,88.740026,88.740026,0.000000,0.000000,0.000000,0.000000,88.740026
1523213444.200000,88.619989,88.619989,0.000000,0.000000,0.000000,0.000000,88.619989
1523213444.250000,88.440035,88.440035,0.000000,0.000000,0.000000,0.000000,88.440035
1523213444.300000,88.199987,88.199987,0.000000,0.000000,0.000000,0.000000,88.199987
1523213444.350000,88.619995,88.619995,0.000000,0.000000,0.000000,0.000000,88.619995
1523213444.400000,84.000024,84.000024,0.000000,0.000000,0.000000,0.000000,84.000024
1523213444.450000,89.040017,89.040017,0.000000,0.000000,0.000000,0.000000,89.040017
1523213444.500000,89.480013,89.480013,0.000000,0.000000,0.000000,0.000000,89.480013
1523213444.550000,86.220034,86.220034,0.000000,0.000000,0.000000,0.000000,86.220034
1523213444.600000,88.660003,88.660003,0.000000,0.000000,0.000000,0.000000,88.660003
1523213444.650000,88.780021,88.780021,0.000000,0.000000,0.000000,0.000000,88.780021
1523213444.700000,88.939993,88.939993,0.000000,0.000000,0.000000,0.000000,88.939993
1523213444.750000,87.979975,87.979975,0.000000,0.000000,0.000000,0.000000,87.979975
1523213444.800000,89.480012,89.480012,0.000000,0.000000,0.000000,0.000000,89.480012
1523213444.850000,87.040003,87.040003,0.000000,0.000000,0.000000,0.000000,87.040003
1523213444.900000,89.280006,89.280006,0.000000,0.000000,0.000000,0.000000,89.280006
1523213444.950000,88.819985,88.819985,0.000000,0.000000,0.000000,0.000000,88.819985
1523213445.000000,88.520027,88.520027,0.000000,0.000000,0.000000,0.000000,88.520027
1523213445.050000,88.000031,88.000031,0.000000,0.000000,0.000000,0.000000,88.000031
1523213445.100000,88.459968,88.459968,0.000000,0.000000,0.000000,0.000000,88.459968
1523213445.150000,89.520012,89.520012,0.000000,0.000000,0.000000,0.000000,89.520012
1523213445.200000,89.159994,89.159994,0.000000,0.000000,0.000000,0.000000,89.159994
1523213445.250000,87.660011,87.660011,0.000000,0.000000,0.000000,0.000000,87.660011
1523213445.300000,88.139986,88.139986,0.000000,0.000000,0.000000,0.000000,88.139986
1523213445.350000,87.800000,87.800000,0.000000,0.000000,0.000000,0.000000,87.800000
1523213445.400000,89.079997,89.079997,0.000000,0.000000,0.000000,0.000000,89.079997
1523213445.450000,89.320011,89.320011,0.000000,0.000000,0.000000,0.000000,89.320011
1523213445.500000,89.160015,89.160015,0.000000,0.000000,0.000000,0.000000,89.160015
1523213445.550000,88.199995,88.199995,0.000000,0.000000,0.000000,0.000000,88.199995
1523213445.600000,88.340011,88.340011,0.000000,0.000000,0.000000,0.000000,88.340011
1523213445.650000,89.259996,89.259996,0.000000,0.000000,0.000000,0.000000,89.259996
1523213445.700000,89.239961,89.239961,0.000000,0.000000,0.000000,0.000000,89.239961
1523213445.750000,89.260017,89.260017,0.000000,0.000000,0.000000,0.000000,89.260017
1523213445.800000,87.960036,87.960036,0.000000,0.000000,0.000000,0.000000,87.960036
1523213445.850000,88.999980,88.999980,0.000000,0.000000,0.000000,0.000000,88.999980
1523213445.900000,89.459988,89.459988,0.000000,0.000000,0.000000,0.000000,89.459988
1523213445.950000,89.720007,89.720007,0.000000,0.000000,0.000000,0.000000,89.720007
1523213446.000000,87.880007,87.880007,0.000000,0.000000,0.000000,0.000000,87.880007
1523213446.050000,88.020024,88.020024,0.000000,0.000000,0.000000,0.000000,88.020024
1523213446.100000,89.659967,89.659967,0.000000,0.000000,0.000000,0.000000,89.659967
1523213446.150000,89.339989,89.339989,0.000000,0.000000,0.000000,0.000000,89.339989
1523213446.200000,89.420012,89.420012,0.000000,0.000000,0.000000,0.000000,89.420012
1523213446.250000,87.059982,87.059982,0.000000,0.000000,0.000000,0.000000,87.059982
1523213446.300000,81.459986,81.459986,0.000000,0.000000,0.000000,0.000000,81.459986
1523213446.350000,87.320013,87.320013,0.000000,0.000000,0.000000,0.000000,87.320013
1523213446.400000,88.639997,88.639997,0.000000,0.000000,0.000000,0.000000,88.639997
1523213446.450000,89.799996,89.799996,0.000000,0.000000,0.000000,0.000000,89.799996
1523213446.500000,87.019996,87.019996,0.000000,0.000000,0.000000,0.000000,87.019996
1523213446.550000,88.700025,88.700025,0.000000,0.000000,0.000000,0.000000,88.700025
1523213446.600000,89.080033,89.080033,0.000000,0.000000,0.000000,0.000000,89.080033
1523213446.650000,89.739999,89.739999,0.000000,0.000000,0.000000,0.000000,89.739999
1523213446.700000,89.160033,89.160033,0.000000,0.000000,0.000000,0.000000,89.160033
1523213446.750000,89.160008,89.160008,0.000000,0.000000,0.000000,0.000000,89.160008
1523213446.800000,88.259967,88.259967,0.000000,0.000000,0.000000,0.000000,88.259967
1523213446.850000,87.099988,87.099988,0.000000,0.000000,0.000000,0.000000,87.099988
1523213446.900000,88.159980,88.159980,0.000000,0.000000,0.000000,0.000000,88.159980
1523213446.950000,88.560024,88.560024,0.000000,0.000000,0.000000,0.000000,88.560024
1523213447.000000,84.459997,84.459997,0.000000,0.000000,0.000000,0.000000,84.459997
1523213447.050000,89.280001,89.280001,0.000000,0.000000,0.000000,0.000000,89.280001
1523213447.100000,83.960038,83.960038,0.000000,0.000000,0.000000,0.000000,83.960038
1523213447.150000,89.299996,89.299996,0.000000,0.000000,0.000000,0.000000,89.299996
1523213447.200000,89.580001,89.580001,0.000000,0.000000,0.000000,0.000000,89.580001
1523213447.250000,88.580007,88.580007,0.000000,0.000000,0.000000,0.000000,88.580007
1523213447.300000,88.880018,88.880018,0.000000,0.000000,0.000000,0.000000,88.880018
1523213447.350000,88.040000,88.040000,0.000000,0.000000,0.000000,0.000000,88.040000
1523213447.400000,89.500020,89.500020,0.000000,0.000000,0.000000,0.000000,89.500020
1523213447.450000,88.759985,88.759985,0.000000,0.000000,0.000000,0.000000,88.759985
1523213447.500000,88.860004,88.860004,0.000000,0.000000,0.000000,0.000000,88.860004
1523213447.550000,88.620001,88.620001,0.000000,0.000000,0.000000,0.000000,88.620001
1523213447.600000,88.759985,88.759985,0.000000,0.000000,0.000000,0.000000,88.759985
1523213447.650000,88.980015,88.980015,0.000000,0.000000,0.000000,0.000000,88.980015
1523213447.700000,89.119999,89.119999,0.000000,0.000000,0.000000,0.000000,89.119999
1523213447.750000,89.540018,89.540018,0.000000,0.000000,0.000000,0.000000,89.540018
1523213447.800000,89.319983,89.319983,0.000000,0.000000,0.000000,0.000000,89.319983
1523213447.850000,89.399975,89.399975,0.000000,0.000000,0.000000,0.000000,89.399975
1523213447.900000,89.619989,89.619989,0.000000,0.000000,0.000000,0.000000,89.619989
1523213447.950000,88.800006,88.800006,0.000000,0.000000,0.000000,0.000000,88.800006
1523213448.000000,87.799974,87.799974,0.000000,0.000000,0.000000,0.000000,87.799974
1523213448.050000,89.180018,89.180018,0.000000,0.000000,0.000000,0.000000,89.180018
1523213448.100000,85.640001,85.640001,0.000000,0.000000,0.000000,0.000000,85.640001
1523213448.150000,88.520023,88.520023,0.000000,0.000000,0.000000,0.000000,88.520023
1523213448.200000,87.019957,87.019957,0.000000,0.000000,0.000000,0.000000,87.019957
1523213448.250000,89.040005,89.040005,0.000000,0.000000,0.000000,0.000000,89.040005
1523213448.300000,89.259978,89.259978,0.000000,0.000000,0.000000,0.000000,89.259978
1523213448.350000,88.700004,88.700004,0.000000,0.000000,0.000000,0.000000,88.700004
1523213448.400000,88.420016,88.420016,0.000000,0.000000,0.000000,0.000000,88.420016
1523213448.450000,88.940001,88.940001,0.000000,0.000000,0.000000,0.000000,88.940001
1523213448.500000,89.639979,89.639979,0.000000,0.000000,0.000000,0.000000,89.639979
1523213448.550000,87.800019,87.800019,0.000000,0.000000,0.000000,0.000000,87.800019
1523213448.600000,88.199986,88.199986,0.000000,0.000000,0.000000,0.000000,88.199986
1523213448.650000,86.480028,86.480028,0.000000,0.000000,0.000000,0.000000,86.480028
1523213448.700000,88.360002,88.360002,0.000000,0.000000,0.000000,0.000000,88.360002
1523213448.750000,88.919982,88.919982,0.000000,0.000000,0.000000,0.000000,88.919982
1523213448.800000,89.120006,89.120006,0.000000,0.000000,0.000000,0.000000,89.120006
1523213448.850000,89.319990,89.319990,0.000000,0.000000,0.000000,0.000000,89.319990
1523213448.900000,89.300029,89.300029,0.000000,0.000000,0.000000,0.000000,89.300029
1523213448.950000,88.360003,88.360003,0.000000,0.000000,0.000000,0.000000,88.360003
1523213449.000000,89.240022,89.240022,0.000000,0.000000,0.000000,0.000000,89.240022
1523213449.050000,89.339941,89.339941,0.000000,0.000000,0.000000,0.000000,89.339941
1523213449.100000,88.780001,88.780001,0.000000,0.000000,0.000000,0.000000,88.780001
1523213449.150000,87.880012,87.880012,0.000000,0.000000,0.000000,0.000000,87.880012
1523213449.200000,86.880007,86.880007,0.000000,0.000000,0.000000,0.000000,86.880007
1523213449.250000,89.440006,89.440006,0.000000,0.000000,0.000000,0.000000,89.440006
1523213449.300000,89.099998,89.099998,0.000000,0.000000,0.000000,0.000000,89.099998
1523213449.350000,89.279984,89.279984,0.000000,0.000000,0.000000,0.000000,89.279984
1523213449.400000,88.919992,88.919992,0.000000,0.000000,0.000000,0.000000,88.919992
1523213449.450000,89.519987,89.519987,0.000000,0.000000,0.000000,0.000000,89.519987
1523213449.500000,89.600008,89.600008,0.000000,0.000000,0.000000,0.000000,89.600008
1523213449.550000,89.259980,89.259980,0.000000,0.000000,0.000000,0.000000,89.259980
1523213449.600000,89.800004,89.800004,0.000000,0.000000,0.000000,0.000000,89.800004
1523213449.650000,89.060044,89.060044,0.000000,0.000000,0.000000,0.000000,89.060044
1523213449.700000,88.540009,88.540009,0.000000,0.000000,0.000000,0.000000,88.540009
1523213449.750000,88.079997,88.079997,0.000000,0.000000,0.000000,0.000000,88.079997
1523213449.800000,88.019988,88.019988,0.000000,0.000000,0.000000,0.000000,88.019988
1523213449.850000,88.539991,88.539991,0.000000,0.000000,0.000000,0.000000,88.539991
1523213449.900000,89.480000,89.480000,0.000000,0.000000,0.000000,0.000000,89.480000
1523213449.950000,88.719991,88.719991,0.000000,0.000000,0.000000,0.000000,88.719991
1523213450.000000,71.900002,71.900002,0.000000,0.000000,0.000000,0.000000,71.900002
1523213450.050000,87.780003,87.780003,0.000000,0.000000,0.000000,0.000000,87.780003
1523213450.100000,86.799989,86.799989,0.000000,0.000000,0.000000,0.000000,86.799989
1523213450.150000,89.339994,89.339994,0.000000,0.000000,0.000000,0.000000,89.339994
1523213450.200000,89.359992,89.359992,0.000000,0.000000,0.000000,0.000000,89.359992
1523213450.250000,89.680000,89.680000,0.000000,0.000000,0.000000,0.000000,89.680000
1523213450.300000,88.799996,88.799996,0.000000,0.000000,0.000000,0.000000,88.799996
1523213450.350000,89.439998,89.439998,0.000000,0.000000,0.000000,0.000000,89.439998
1523213450.400000,89.519986,89.519986,0.000000,0.000000,0.000000,0.000000,89.519986
1523213450.450000,89.739987,89.739987,0.000000,0.000000,0.000000,0.000000,89.739987
1523213450.500000,87.800017,87.800017,0.000000,0.000000,0.000000,0.000000,87.800017
1523213450.550000,89.880019,89.880019,0.000000,0.000000,0.000000,0.000000,89.880019
1523213450.600000,89.219983,89.219983,0.000000,0.000000,0.000000,0.000000,89.219983
1523213450.650000,89.720024,89.720024,0.000000,0.000000,0.000000,0.000000,89.720024
1523213450.700000,89.339993,89.339993,0.000000,0.000000,0.000000,0.000000,89.339993
1523213450.750000,88.740006,88.740006,0.000000,0.000000,0.000000,0.000000,88.740006
1523213450.800000,89.400003,89.400003,0.000000,0.000000,0.000000,0.000000,89.400003
1523213450.850000,89.859973,89.859973,0.000000,0.000000,0.000000,0.000000,89.859973
1523213450.900000,89.659988,89.659988,0.000000,0.000000,0.000000,0.000000,89.659988
1523213450.950000,88.459987,88.459987,0.000000,0.000000,0.000000,0.000000,88.459987
1523213451.000000,75.459970,75.459970,0.000000,0.000000,0.000000,0.000000,75.459970
1523213451.050000,69.059990,69.059990,0.000000,0.000000,0.000000,0.000000,69.059990
1523213451.100000,81.619933,81.619933,0.000000,0.000000,0.000000,0.000000,81.619933
1523213451.150000,89.440019,89.440019,0.000000,0.000000,0.000000,0.000000,89.440019
1523213451.200000,89.220019,89.220019,0.000000,0.000000,0.000000,0.000000,89.220019
1523213451.250000,89.120009,89.120009,0.000000,0.000000,0.000000,0.000000,89.120009
1523213451.300000,88.300008,88.300008,0.000000,0.000000,0.000000,0.000000,88.300008
1523213451.350000,89.740004,89.740004,0.000000,0.000000,0.000000,0.000000,89.740004
1523213451.400000,88.920020,88.920020,0.000000,0.000000,0.000000,0.000000,88.920020
1523213451.450000,88.979972,88.979972,0.000000,0.000000,0.000000,0.000000,88.979972
1523213451.500000,88.800018,88.800018,0.000000,0.000000,0.000000,0.000000,88.800018
1523213451.550000,88.880010,88.880010,0.000000,0.000000,0.000000,0.000000,88.880010
1523213451.600000,88.980012,88.980012,0.000000,0.000000,0.000000,0.000000,88.980012
1523213451.650000,89.579999,89.579999,0.000000,0.000000,0.000000,0.000000,89.579999
1523213451.700000,89.120013,89.120013,0.000000,0.000000,0.000000,0.000000,89.120013
1523213451.750000,89.360054,89.360054,0.000000,0.000000,0.000000,0.000000,89.360054
1523213451.800000,89.260032,89.260032,0.000000,0.000000,0.000000,0.000000,89.260032
1523213451.850000,88.479947,88.479947,0.000000,0.000000,0.000000,0.000000,88.479947
1523213451.900000,88.039990,88.039990,0.000000,0.000000,0.000000,0.000000,88.039990
1523213451.950000,88.420001,88.420001,0.000000,0.000000,0.000000,0.000000,88.420001
1523213452.000000,89.659998,89.659998,0.000000,0.000000,0.000000,0.000000,89.659998
1523213452.050000,88.580022,88.580022,0.000000,0.000000,0.000000,0.000000,88.580022
1523213452.100000,77.820022,77.820022,0.000000,0.000000,0.000000,0.000000,77.820022
1523213452.150000,88.559999,88.559999,0.000000,0.000000,0.000000,0.000000,88.559999
1523213452.200000,89.320015,89.320015,0.000000,0.000000,0.000000,0.000000,89.320015
1523213452.250000,89.699980,89.699980,0.000000,0.000000,0.000000,0.000000,89.699980
1523213452.300000,87.959990,87.959990,0.000000,0.000000,0.000000,0.000000,87.959990
1523213452.350000,89.320001,89.320001,0.000000,0.000000,0.000000,0.000000,89.320001
1523213452.400000,89.360003,89.360003,0.000000,0.000000,0.000000,0.000000,89.360003
1523213452.450000,89.320015,89.320015,0.000000,0.000000,0.000000,0.000000,89.320015
1523213452.500000,85.739993,85.739993,0.000000,0.000000,0.000000,0.000000,85.739993
1523213452.550000,89.800024,89.800024,0.000000,0.000000,0.000000,0.000000,89.800024
1523213452.600000,88.820008,88.820008,0.000000,0.000000,0.000000,0.000000,88.820008
1523213452.650000,88.840022,88.840022,0.000000,0.000000,0.000000,0.000000,88.840022
1523213452.700000,89.660007,89.660007,0.000000,0.000000,0.000000,0.000000,89.660007
1523213452.750000,88.739986,88.739986,0.000000,0.000000,0.000000,0.000000,88.739986
1523213452.800000,87.780019,87.780019,0.000000,0.000000,0.000000,0.000000,87.780019
1523213452.850000,88.019959,88.019959,0.000000,0.000000,0.000000,0.000000,88.019959
1523213452.900000,88.119981,88.119981,0.000000,0.000000,0.000000,0.000000,88.119981
1523213452.950000,88.780007,88.780007,0.000000,0.000000,0.000000,0.000000,88.780007
1523213453.000000,87.219977,87.219977,0.000000,0.000000,0.000000,0.000000,87.219977
1523213453.050000,88.679986,88.679986,0.000000,0.000000,0.000000,0.000000,88.679986
1523213453.100000,88.800020,88.800020,0.000000,0.000000,0.000000,0.000000,88.800020
1523213453.150000,87.340020,87.340020,0.000000,0.000000,0.000000,0.000000,87.340020
1523213453.200000,87.760015,87.760015,0.000000,0.000000,0.000000,0.000000,87.760015
1523213453.250000,89.240012,89.240012,0.000000,0.000000,0.000000,0.000000,89.240012
1523213453.300000,89.120018,89.120018,0.000000,0.000000,0.000000,0.000000,89.120018
1523213453.350000,88.360003,88.360003,0.000000,0.000000,0.000000,0.000000,88.360003
1523213453.400000,88.960022,88.960022,0.000000,0.000000,0.000000,0.000000,88.960022
1523213453.450000,87.460076,87.460076,0.000000,0.000000,0.000000,0.000000,87.460076
1523213453.500000,89.000000,89.000000,0.000000,0.000000,0.000000,0.000000,89.000000
1523213453.550000,88.820030,88.820030,0.000000,0.000000,0.000000,0.000000,88.820030
1523213453.600000,89.379972,89.379972,0.000000,0.000000,0.000000,0.000000,89.379972
1523213453.650000,88.540025,88.540025,0.000000,0.000000,0.000000,0.000000,88.540025
1523213453.700000,89.340011,89.340011,0.000000,0.000000,0.000000,0.000000,89.340011
1523213453.750000,89.379994,89.379994,0.000000,0.000000,0.000000,0.000000,89.379994
1523213453.800000,89.159995,89.159995,0.000000,0.000000,0.000000,0.000000,89.159995
1523213453.850000,89.140020,89.140020,0.000000,0.000000,0.000000,0.000000,89.140020
1523213453.900000,89.520000,89.520000,0.000000,0.000000,0.000000,0.000000,89.520000
1523213453.950000,87.399998,87.399998,0.000000,0.000000,0.000000,0.000000,87.399998
1523213454.000000,87.939993,87.939993,0.000000,0.000000,0.000000,0.000000,87.939993
1523213454.050000,87.420053,87.420053,0.000000,0.000000,0.000000,0.000000,87.420053
1523213454.100000,88.699973,88.699973,0.000000,0.000000,0.000000,0.000000,88.699973
1523213454.150000,89.399978,89.399978,0.000000,0.000000,0.000000,0.000000,89.399978
1523213454.200000,89.259999,89.259999,0.000000,0.000000,0.000000,0.000000,89.259999
1523213454.250000,89.499991,89.499991,0.000000,0.000000,0.000000,0.000000,89.499991
1523213454.300000,89.519990,89.519990,0.000000,0.000000,0.000000,0.000000,89.519990
1523213454.350000,88.800027,88.800027,0.000000,0.000000,0.000000,0.000000,88.800027
1523213454.400000,88.000018,88.000018,0.000000,0.000000,0.000000,0.000000,88.000018
1523213454.450000,88.840017,88.840017,0.000000,0.000000,0.000000,0.000000,88.840017
1523213454.500000,88.920029,88.920029,0.000000,0.000000,0.000000,0.000000,88.920029
1523213454.550000,89.360036,89.360036,0.000000,0.000000,0.000000,0.000000,89.360036
1523213454.600000,89.040043,89.040043,0.000000,0.000000,0.000000,0.000000,89.040043
1523213454.650000,89.079990,89.079990,0.000000,0.000000,0.000000,0.000000,89.079990
1523213454.700000,89.239993,89.239993,0.000000,0.000000,0.000000,0.000000,89.239993
1523213454.750000,89.380039,89.380039,0.000000,0.000000,0.000000,0.000000,89.380039
1523213454.800000,89.419979,89.419979,0.000000,0.000000,0.000000,0.000000,89.419979
1523213454.850000,88.480013,88.480013,0.000000,0.000000,0.000000,0.000000,88.480013
1523213454.900000,89.220005,89.220005,0.000000,0.000000,0.000000,0.000000,89.220005
1523213454.950000,87.839991,87.839991,0.000000,0.000000,0.000000,0.000000,87.839991
1523213455.000000,89.259976,89.259976,0.000000,0.000000,0.000000,0.000000,89.259976
1523213455.050000,88.400006,88.400006,0.000000,0.000000,0.000000,0.000000,88.400006
1523213455.100000,87.119988,87.119988,0.000000,0.000000,0.000000,0.000000,87.119988
1523213455.150000,79.759973,79.759973,0.000000,0.000000,0.000000,0.000000,79.759973
1523213455.200000,89.620028,89.620028,0.000000,0.000000,0.000000,0.000000,89.620028
1523213455.250000,89.399996,89.399996,0.000000,0.000000,0.000000,0.000000,89.399996
1523213455.300000,89.300004,89.300004,0.000000,0.000000,0.000000,0.000000,89.300004
1523213455.350000,89.600031,89.600031,0.000000,0.000000,0.000000,0.000000,89.600031
1523213455.400000,89.620002,89.620002,0.000000,0.000000,0.000000,0.000000,89.620002
1523213455.450000,89.819984,89.819984,0.000000,0.000000,0.000000,0.000000,89.819984
1523213455.500000,89.559985,89.559985,0.000000,0.000000,0.000000,0.000000,89.559985
1523213455.550000,89.640011,89.640011,0.000000,0.000000,0.000000,0.000000,89.640011
1523213455.600000,89.779983,89.779983,0.000000,0.000000,0.000000,0.000000,89.779983
1523213455.650000,89.680001,89.680001,0.000000,0.000000,0.000000,0.000000,89.680001
1523213455.700000,89.659996,89.659996,0.000000,0.000000,0.000000,0.000000,89.659996
1523213455.750000,89.759988,89.759988,0.000000,0.000000,0.000000,0.000000,89.759988
1523213455.800000,89.859992,89.859992,0.000000,0.000000,0.000000,0.000000,89.859992
1523213455.850000,89.639983,89.639983,0.000000,0.000000,0.000000,0.000000,89.639983
1523213455.900000,89.640027,89.640027,0.000000,0.000000,0.000000,0.000000,89.640027
1523213455.950000,89.799999,89.799999,0.000000,0.000000,0.000000,0.000000,89.799999
1523213456.000000,89.619991,89.619991,0.000000,0.000000,0.000000,0.000000,89.619991
1523213456.050000,89.840034,89.840034,0.000000,0.000000,0.000000,0.000000,89.840034
1523213456.100000,89.880004,89.880004,0.000000,0.000000,0.000000,0.000000,89.880004
1523213456.150000,89.760000,89.760000,0.000000,0.000000,0.000000,0.000000,89.760000
1523213456.200000,89.600043,89.600043,0.000000,0.000000,0.000000,0.000000,89.600043
1523213456.250000,89.600019,89.600019,0.000000,0.000000,0.000000,0.000000,89.600019
1523213456.300000,89.779987,89.779987,0.000000,0.000000,0.000000,0.000000,89.779987
1523213456.350000,89.679992,89.679992,0.000000,0.000000,0.000000,0.000000,89.679992
1523213456.400000,89.640056,89.640056,0.000000,0.000000,0.000000,0.000000,89.640056
1523213456.450000,89.779997,89.779997,0.000000,0.000000,0.000000,0.000000,89.779997
1523213456.500000,89.320014,89.320014,0.000000,0.000000,0.000000,0.000000,89.320014
1523213456.550000,89.819987,89.819987,0.000000,0.000000,0.000000,0.000000,89.819987
1523213456.600000,89.679998,89.679998,0.000000,0.000000,0.000000,0.000000,89.679998
1523213456.650000,89.719995,89.719995,0.000000,0.000000,0.000000,0.000000,89.719995
1523213456.700000,89.820018,89.820018,0.000000,0.000000,0.000000,0.000000,89.820018
1523213456.750000,89.539985,89.539985,0.000000,0.000000,0.000000,0.000000,89.539985
1523213456.800000,89.920012,89.920012,0.000000,0.000000,0.000000,0.000000,89.920012
1523213456.850000,89.599981,89.599981,0.000000,0.000000,0.000000,0.000000,89.599981
1523213456.900000,89.700011,89.700011,0.000000,0.000000,0.000000,0.000000,89.700011
1523213456.950000,89.800008,89.800008,0.000000,0.000000,0.000000,0.000000,89.800008
1523213457.000000,89.680009,89.680009,0.000000,0.000000,0.000000,0.000000,89.680009
1523213457.050000,89.560019,89.560019,0.000000,0.000000,0.000000,0.000000,89.560019
1523213457.100000,89.739983,89.739983,0.000000,0.000000,0.000000,0.000000,89.739983
1523213457.150000,89.820017,89.820017,0.000000,0.000000,0.000000,0.000000,89.820017
1523213457.200000,89.639985,89.639985,0.000000,0.000000,0.000000,0.000000,89.639985
1523213457.250000,89.800001,89.800001,0.000000,0.000000,0.000000,0.000000,89.800001
1523213457.300000,89.660006,89.660006,0.000000,0.000000,0.000000,0.000000,89.660006
1523213457.350000,89.559983,89.559983,0.000000,0.000000,0.000000,0.000000,89.559983
1523213457.400000,89.680005,89.680005,0.000000,0.000000,0.000000,0.000000,89.680005
1523213457.450000,89.640005,89.640005,0.000000,0.000000,0.000000,0.000000,89.640005
1523213457.500000,89.719992,89.719992,0.000000,0.000000,0.000000,0.000000,89.719992
1523213457.550000,89.740008,89.740008,0.000000,0.000000,0.000000,0.000000,89.740008
1523213457.600000,89.799961,89.799961,0.000000,0.000000,0.000000,0.000000,89.799961
1523213457.650000,89.860031,89.860031,0.000000,0.000000,0.000000,0.000000,89.860031
1523213457.700000,89.919991,89.919991,0.000000,0.000000,0.000000,0.000000,89.919991
1523213457.750000,88.520014,88.520014,0.000000,0.000000,0.000000,0.000000,88.520014
1523213457.800000,89.800039,89.800039,0.000000,0.000000,0.000000,0.000000,89.800039
1523213457.850000,89.579981,89.579981,0.000000,0.000000,0.000000,0.000000,89.579981
1523213457.900000,89.700029,89.700029,0.000000,0.000000,0.000000,0.000000,89.700029
1523213457.950000,90.020022,90.020022,0.000000,0.000000,0.000000,0.000000,90.020022
1523213458.000000,89.460005,89.460005,0.000000,0.000000,0.000000,0.000000,89.460005
1523213458.050000,89.619983,89.619983,0.000000,0.000000,0.000000,0.000000,89.619983
1523213458.100000,89.860013,89.860013,0.000000,0.000000,0.000000,0.000000,89.860013
1523213458.150000,89.699986,89.699986,0.000000,0.000000,0.000000,0.000000,89.699986
1523213458.200000,89.620000,89.620000,0.000000,0.000000,0.000000,0.000000,89.620000
1523213458.250000,89.880003,89.880003,0.000000,0.000000,0.000000,0.000000,89.880003
1523213458.300000,89.800015,89.800015,0.000000,0.000000,0.000000,0.000000,89.800015
1523213458.350000,89.640029,89.640029,0.000000,0.000000,0.000000,0.000000,89.640029
1523213458.400000,89.800030,89.800030,0.000000,0.000000,0.000000,0.000000,89.800030
1523213458.450000,89.760013,89.760013,0.000000,0.000000,0.000000,0.000000,89.760013
1523213458.500000,89.940006,89.940006,0.000000,0.000000,0.000000,0.000000,89.940006
1523213458.550000,89.659993,89.659993,0.000000,0.000000,0.000000,0.000000,89.659993
1523213458.600000,89.900017,89.900017,0.000000,0.000000,0.000000,0.000000,89.900017
1523213458.650000,89.680009,89.680009,0.000000,0.000000,0.000000,0.000000,89.680009
1523213458.700000,89.799977,89.799977,0.000000,0.000000,0.000000,0.000000,89.799977
1523213458.750000,89.459997,89.459997,0.000000,0.000000,0.000000,0.000000,89.459997
1523213458.800000,89.519970,89.519970,0.000000,0.000000,0.000000,0.000000,89.519970
1523213458.850000,89.719975,89.719975,0.000000,0.000000,0.000000,0.000000,89.719975
1523213458.900000,89.719989,89.719989,0.000000,0.000000,0.000000,0.000000,89.719989
1523213458.950000,87.580007,87.580007,0.000000,0.000000,0.000000,0.000000,87.580007
1523213459.000000,89.739990,89.739990,0.000000,0.000000,0.000000,0.000000,89.739990
1523213459.050000,89.779954,89.779954,0.000000,0.000000,0.000000,0.000000,89.779954
1523213459.100000,89.619995,89.619995,0.000000,0.000000,0.000000,0.000000,89.619995
1523213459.150000,89.839994,89.839994,0.000000,0.000000,0.000000,0.000000,89.839994
1523213459.200000,89.799987,89.799987,0.000000,0.000000,0.000000,0.000000,89.799987
1523213459.250000,89.660000,89.660000,0.000000,0.000000,0.000000,0.000000,89.660000
1523213459.300000,89.759991,89.759991,0.000000,0.000000,0.000000,0.000000,89.759991
1523213459.350000,89.759979,89.759979,0.000000,0.000000,0.000000,0.000000,89.759979
1523213459.400000,89.519993,89.519993,0.000000,0.000000,0.000000,0.000000,89.519993
1523213459.450000,89.839993,89.839993,0.000000,0.000000,0.000000,0.000000,89.839993
1523213459.500000,89.539982,89.539982,0.000000,0.000000,0.000000,0.000000,89.539982
1523213459.550000,89.660008,89.660008,0.000000,0.000000,0.000000,0.000000,89.660008
1523213459.600000,89.839974,89.839974,0.000000,0.000000,0.000000,0.000000,89.839974
1523213459.650000,89.819995,89.819995,0.000000,0.000000,0.000000,0.000000,89.819995
1523213459.700000,89.819987,89.819987,0.000000,0.000000,0.000000,0.000000,89.819987
1523213459.750000,89.659992,89.659992,0.000000,0.000000,0.000000,0.000000,89.659992
1523213459.800000,89.640011,89.640011,0.000000,0.000000,0.000000,0.000000,89.640011
1523213459.850000,89.779998,89.779998,0.000000,0.000000,0.000000,0.000000,89.779998
1523213459.900000,89.780009,89.780009,0.000000,0.000000,0.000000,0.000000,89.780009
1523213459.950000,89.918235,89.918235,0.000000,0.000000,0.000000,0.000000,89.918235
